0.2 0.2 942.0674374101163
0.2 0.30000000000000004 947.2249705773971
0.2 0.4 950.1036403887846
0.2 0.5 956.6210879899232
0.2 0.6 960.5362474991331
0.2 0.7 960.6257483868576
0.2 0.7999999999999999 964.4829506061492
0.2 0.8999999999999999 966.0023664731195
0.2 0.9999999999999999 965.0366527580321
0.2 1.0999999999999999 975.5658554548157
0.2 1.2 981.5512383603634
0.2 1.3 981.3009238218515
0.2 1.4000000000000001 986.2740131401563
0.2 1.5000000000000002 983.0250309631808
0.2 1.6000000000000003 987.7114933506556
0.2 1.7000000000000004 988.571064876563
0.2 1.8000000000000005 988.8915780806929
0.2 1.9000000000000006 992.3705304657844
0.2 2.0000000000000004 997.5445232459051
0.2 2.1000000000000005 997.0049602585088
0.30000000000000004 0.2 955.717153261091
0.30000000000000004 0.30000000000000004 967.4853296828575
0.30000000000000004 0.4 972.8547256199622
0.30000000000000004 0.5 972.1433034325115
0.30000000000000004 0.6 977.1993163479592
0.30000000000000004 0.7 975.5494843054298
0.30000000000000004 0.7999999999999999 976.8736438345521
0.30000000000000004 0.8999999999999999 987.1741459629343
0.30000000000000004 0.9999999999999999 986.0329803618578
0.30000000000000004 1.0999999999999999 992.0048574804327
0.30000000000000004 1.2 991.3879752495646
0.30000000000000004 1.3 997.4757552091373
0.30000000000000004 1.4000000000000001 995.645195906474
0.30000000000000004 1.5000000000000002 1000.212821291228
0.30000000000000004 1.6000000000000003 997.0439502955583
0.30000000000000004 1.7000000000000004 996.8990177693543
0.30000000000000004 1.8000000000000005 998.7267500997731
0.30000000000000004 1.9000000000000006 998.5315817473706
0.30000000000000004 2.0000000000000004 1004.3001395555993
0.30000000000000004 2.1000000000000005 1007.7373829459557
0.4 0.2 983.6172831255001
0.4 0.30000000000000004 981.2307358258132
0.4 0.4 981.3559418426082
0.4 0.5 986.8096817231651
0.4 0.6 987.2650730311092
0.4 0.7 989.3351935405537
0.4 0.7999999999999999 990.5183267264363
0.4 0.8999999999999999 993.591765298157
0.4 0.9999999999999999 992.0445722025217
0.4 1.0999999999999999 995.4341831593099
0.4 1.2 995.8216943539024
0.4 1.3 993.230003199045
0.4 1.4000000000000001 996.5733245142414
0.4 1.5000000000000002 994.7050480483005
0.4 1.6000000000000003 996.4733619917101
0.4 1.7000000000000004 994.6530405035986
0.4 1.8000000000000005 994.7520310576288
0.4 1.9000000000000006 993.6523847924173
0.4 2.0000000000000004 996.509516036574
0.4 2.1000000000000005 991.7685164711472
0.5 0.2 989.6846693770179
0.5 0.30000000000000004 990.0973685131627
0.5 0.4 988.4047788071468
0.5 0.5 989.9088936371777
0.5 0.6 990.7542479105714
0.5 0.7 991.2085126024195
0.5 0.7999999999999999 990.8960573169527
0.5 0.8999999999999999 991.8444394595118
0.5 0.9999999999999999 987.9376721586002
0.5 1.0999999999999999 986.3223349461841
0.5 1.2 984.3492403106178
0.5 1.3 988.5564023363004
0.5 1.4000000000000001 987.2878658017582
0.5 1.5000000000000002 984.5667125596754
0.5 1.6000000000000003 981.1858099831012
0.5 1.7000000000000004 984.2418833009217
0.5 1.8000000000000005 977.346610324706
0.5 1.9000000000000006 977.0913292186299
0.5 2.0000000000000004 977.524591712535
0.5 2.1000000000000005 976.1075551319861
0.6 0.2 982.5518578487911
0.6 0.30000000000000004 976.8499327390746
0.6 0.4 982.8061783108675
0.6 0.5 974.9488246505842
0.6 0.6 974.4442540373213
0.6 0.7 971.0606290182343
0.6 0.7999999999999999 972.889884292453
0.6 0.8999999999999999 967.2721817541569
0.6 0.9999999999999999 968.1632115561847
0.6 1.0999999999999999 960.9349870542073
0.6 1.2 958.2238601008901
0.6 1.3 962.1212273314629
0.6 1.4000000000000001 962.8231862125918
0.6 1.5000000000000002 960.6523991221936
0.6 1.6000000000000003 952.5687277366031
0.6 1.7000000000000004 956.1946789285826
0.6 1.8000000000000005 950.8732496177038
0.6 1.9000000000000006 950.2232679323522
0.6 2.0000000000000004 949.2423079214203
0.6 2.1000000000000005 943.0388045231821
0.7 0.2 958.4634454627225
0.7 0.30000000000000004 951.8362438358265
0.7 0.4 954.633102787338
0.7 0.5 952.729592683542
0.7 0.6 953.9938586531941
0.7 0.7 952.5702412327031
0.7 0.7999999999999999 947.8763438315012
0.7 0.8999999999999999 941.946049440047
0.7 0.9999999999999999 942.0315171496129
0.7 1.0999999999999999 941.2940587525384
0.7 1.2 934.410795003195
0.7 1.3 936.3003631315082
0.7 1.4000000000000001 934.3490107239096
0.7 1.5000000000000002 928.7687968637586
0.7 1.6000000000000003 926.1468151238054
0.7 1.7000000000000004 928.5808264200768
0.7 1.8000000000000005 921.199980715116
0.7 1.9000000000000006 921.4897644140899
0.7 2.0000000000000004 919.6376764550043
0.7 2.1000000000000005 916.1020023987714
0.7999999999999999 0.2 929.7923800077967
0.7999999999999999 0.30000000000000004 931.4358941941301
0.7999999999999999 0.4 924.47318241684
0.7999999999999999 0.5 923.6994560627389
0.7999999999999999 0.6 919.3339390279814
0.7999999999999999 0.7 917.5313198395464
0.7999999999999999 0.7999999999999999 915.3114501759308
0.7999999999999999 0.8999999999999999 911.7640657491099
0.7999999999999999 0.9999999999999999 908.0806873216975
0.7999999999999999 1.0999999999999999 908.7231909891351
0.7999999999999999 1.2 904.6576874767663
0.7999999999999999 1.3 899.0194295962327
0.7999999999999999 1.4000000000000001 902.2607444875567
0.7999999999999999 1.5000000000000002 893.8667991691491
0.7999999999999999 1.6000000000000003 891.4162366150351
0.7999999999999999 1.7000000000000004 891.8791893189101
0.7999999999999999 1.8000000000000005 886.0970538758264
0.7999999999999999 1.9000000000000006 885.2833673274101
0.7999999999999999 2.0000000000000004 880.5001814590623
0.7999999999999999 2.1000000000000005 879.8872051955182
0.8999999999999999 0.2 895.8976450412113
0.8999999999999999 0.30000000000000004 894.1065553065561
0.8999999999999999 0.4 891.3238109131107
0.8999999999999999 0.5 886.4146425272857
0.8999999999999999 0.6 885.0472913555873
0.8999999999999999 0.7 878.6211391602172
0.8999999999999999 0.7999999999999999 877.8943080176039
0.8999999999999999 0.8999999999999999 873.8000377089173
0.8999999999999999 0.9999999999999999 870.2172730853565
0.8999999999999999 1.0999999999999999 866.6137661504741
0.8999999999999999 1.2 868.2799181424969
0.8999999999999999 1.3 863.3228511765938
0.8999999999999999 1.4000000000000001 858.690128615828
0.8999999999999999 1.5000000000000002 857.2737977729048
0.8999999999999999 1.6000000000000003 855.9894114218938
0.8999999999999999 1.7000000000000004 846.2610864693487
0.8999999999999999 1.8000000000000005 850.490680487199
0.8999999999999999 1.9000000000000006 846.8596066577285
0.8999999999999999 2.0000000000000004 845.7300879494118
0.8999999999999999 2.1000000000000005 841.339738942548
0.9999999999999999 0.2 855.521196091141
0.9999999999999999 0.30000000000000004 852.7716853525732
0.9999999999999999 0.4 854.3345413313798
0.9999999999999999 0.5 848.3622189199806
0.9999999999999999 0.6 844.2509833567478
0.9999999999999999 0.7 842.8104571240161
0.9999999999999999 0.7999999999999999 839.9819463236089
0.9999999999999999 0.8999999999999999 839.619819934869
0.9999999999999999 0.9999999999999999 833.006519361544
0.9999999999999999 1.0999999999999999 832.0089660285815
0.9999999999999999 1.2 831.2158563159197
0.9999999999999999 1.3 825.9325507778331
0.9999999999999999 1.4000000000000001 822.404385862719
0.9999999999999999 1.5000000000000002 818.0907003782634
0.9999999999999999 1.6000000000000003 813.3285795721418
0.9999999999999999 1.7000000000000004 811.9945579063588
0.9999999999999999 1.8000000000000005 809.0643988027226
0.9999999999999999 1.9000000000000006 805.5005538774088
0.9999999999999999 2.0000000000000004 801.1739986059262
0.9999999999999999 2.1000000000000005 801.5505407330029
1.0999999999999999 0.2 819.2937070191513
1.0999999999999999 0.30000000000000004 816.7280099631771
1.0999999999999999 0.4 812.5915190528561
1.0999999999999999 0.5 808.6559067156693
1.0999999999999999 0.6 804.016838565422
1.0999999999999999 0.7 805.9533928954897
1.0999999999999999 0.7999999999999999 797.9183175767184
1.0999999999999999 0.8999999999999999 792.6125655043828
