0.1 0.1 873.6551075406497
0.1 0.2 882.798048911886
0.1 0.30000000000000004 888.8425544188239
0.1 0.4 893.2643394750004
0.1 0.5 903.2853727611229
0.1 0.6 919.4251252488117
0.1 0.7 925.1325536446462
0.1 0.7999999999999999 921.2449048907758
0.1 0.8999999999999999 936.0510407830982
0.1 0.9999999999999999 932.1770241303961
0.1 1.0999999999999999 948.1742230881641
0.1 1.2 947.9279538379583
0.1 1.3 958.4638659194882
0.1 1.4000000000000001 954.4083545355346
0.1 1.5000000000000002 962.0091981514897
0.1 1.6000000000000003 963.7313404472645
0.1 1.7000000000000004 968.8884730255612
0.1 1.8000000000000005 973.7924731633325
0.1 1.9000000000000006 977.6892007847865
0.1 2.0000000000000004 977.7681493370104
0.1 2.1000000000000005 977.9426229371066
0.1 2.2000000000000006 975.7116993914519
0.1 2.3000000000000007 981.852491457377
0.1 2.400000000000001 984.5737827122016
0.1 2.500000000000001 984.5210001503026
0.1 2.600000000000001 982.325859732599
0.1 2.700000000000001 978.756801415643
0.1 2.800000000000001 981.1161867859131
0.1 2.9000000000000012 976.4168085733339
0.1 3.0000000000000013 968.8864865048824
0.1 3.1000000000000014 969.3190782073743
0.1 3.2000000000000015 967.924794836642
0.1 3.3000000000000016 962.3531870770171
0.1 3.4000000000000017 964.4590452691632
0.1 3.5000000000000018 959.2087976783041
0.1 3.600000000000002 955.435723192591
0.1 3.700000000000002 947.482864738945
0.1 3.800000000000002 949.458424711936
0.1 3.900000000000002 941.2545854549853
0.1 4.000000000000002 936.5772115938687
0.2 0.1 883.4536481575756
0.2 0.2 887.0690893265006
0.2 0.30000000000000004 902.3398239161974
0.2 0.4 912.2109789248257
0.2 0.5 927.3047495890435
0.2 0.6 925.2347631755216
0.2 0.7 937.4732832492758
0.2 0.7999999999999999 932.636688621451
0.2 0.8999999999999999 937.0741758032921
0.2 0.9999999999999999 947.0592233707656
0.2 1.0999999999999999 955.1110939120354
0.2 1.2 959.1607364936443
0.2 1.3 960.5000836227856
0.2 1.4000000000000001 961.1251506771225
0.2 1.5000000000000002 965.732928290775
0.2 1.6000000000000003 972.2760760792776
0.2 1.7000000000000004 980.8431493330555
0.2 1.8000000000000005 978.2495019895198
0.2 1.9000000000000006 974.5645051441248
0.2 2.0000000000000004 982.008894414841
0.2 2.1000000000000005 983.8135678075839
0.2 2.2000000000000006 985.4492181810011
0.2 2.3000000000000007 977.9367532784495
0.2 2.400000000000001 976.1156809251797
0.2 2.500000000000001 975.273106318069
0.2 2.600000000000001 977.85238669701
0.2 2.700000000000001 971.2814261031007
0.2 2.800000000000001 969.2869271015422
0.2 2.9000000000000012 966.0176564262308
0.2 3.0000000000000013 966.4415373849176
0.2 3.1000000000000014 965.4177132349027
0.2 3.2000000000000015 962.5281055702028
0.2 3.3000000000000016 963.1515788089307
0.2 3.4000000000000017 957.3552009763791
0.2 3.5000000000000018 956.9374434930621
0.2 3.600000000000002 951.9310577761026
0.2 3.700000000000002 945.4031613268729
0.2 3.800000000000002 937.3742756551944
0.2 3.900000000000002 932.7220653129527
0.2 4.000000000000002 930.4228325958256
0.30000000000000004 0.1 905.3385391527954
0.30000000000000004 0.2 913.6931148896304
0.30000000000000004 0.30000000000000004 922.7323886651186
0.30000000000000004 0.4 929.232634097939
0.30000000000000004 0.5 928.4104498006967
0.30000000000000004 0.6 937.3061805299711
0.30000000000000004 0.7 939.8136516314183
0.30000000000000004 0.7999999999999999 947.1690139898271
0.30000000000000004 0.8999999999999999 948.8232891960829
0.30000000000000004 0.9999999999999999 960.3223896747452
0.30000000000000004 1.0999999999999999 958.4758353002458
0.30000000000000004 1.2 966.8228921370845
0.30000000000000004 1.3 966.8636083947697
0.30000000000000004 1.4000000000000001 972.8289475493202
0.30000000000000004 1.5000000000000002 971.6262653279762
0.30000000000000004 1.6000000000000003 979.8859656806624
0.30000000000000004 1.7000000000000004 980.2131031273622
0.30000000000000004 1.8000000000000005 978.6966860100166
0.30000000000000004 1.9000000000000006 975.7818418166486
0.30000000000000004 2.0000000000000004 982.954612455407
0.30000000000000004 2.1000000000000005 978.5212981328484
0.30000000000000004 2.2000000000000006 979.743378445429
0.30000000000000004 2.3000000000000007 981.3179665157166
0.30000000000000004 2.400000000000001 978.7940856165737
0.30000000000000004 2.500000000000001 975.462145139279
0.30000000000000004 2.600000000000001 976.7044675868673
0.30000000000000004 2.700000000000001 970.928497536926
0.30000000000000004 2.800000000000001 968.9234597879392
0.30000000000000004 2.9000000000000012 966.5673523352465
0.30000000000000004 3.0000000000000013 968.0038181560332
0.30000000000000004 3.1000000000000014 960.6481713198473
0.30000000000000004 3.2000000000000015 956.2892175605066
0.30000000000000004 3.3000000000000016 955.9304009855757
0.30000000000000004 3.4000000000000017 948.5230323327405
0.30000000000000004 3.5000000000000018 942.0073024096258
0.30000000000000004 3.600000000000002 938.5571968492279
0.30000000000000004 3.700000000000002 935.3415082012543
0.30000000000000004 3.800000000000002 927.5912973389528
0.30000000000000004 3.900000000000002 925.5431725358426
0.30000000000000004 4.000000000000002 919.0013354742778
0.4 0.1 921.9043189192153
0.4 0.2 926.6382862016108
0.4 0.30000000000000004 931.03935740988
0.4 0.4 936.105023124984
0.4 0.5 941.2681896709564
0.4 0.6 947.8681458644705
0.4 0.7 954.3047350558534
0.4 0.7999999999999999 955.3334867273519
0.4 0.8999999999999999 957.2157797843304
0.4 0.9999999999999999 963.9463325178683
0.4 1.0999999999999999 969.130999543846
0.4 1.2 970.7924094267181
0.4 1.3 975.1475206231048
0.4 1.4000000000000001 976.5608091208425
0.4 1.5000000000000002 973.7088330130305
0.4 1.6000000000000003 980.5706394443149
0.4 1.7000000000000004 976.9499025780988
0.4 1.8000000000000005 981.5013577308689
0.4 1.9000000000000006 979.0996872915316
0.4 2.0000000000000004 981.025836598815
0.4 2.1000000000000005 982.461451503636
0.4 2.2000000000000006 975.0157022002144
0.4 2.3000000000000007 975.3188447526247
0.4 2.400000000000001 974.7639330302718
0.4 2.500000000000001 976.1767217882032
0.4 2.600000000000001 971.9027711948818
0.4 2.700000000000001 966.9528856966682
0.4 2.800000000000001 966.1842724074083
0.4 2.9000000000000012 960.5306821765838
0.4 3.0000000000000013 958.1547988409754
0.4 3.1000000000000014 960.9395450538617
0.4 3.2000000000000015 951.3312723684387
0.4 3.3000000000000016 945.6205413180437
0.4 3.4000000000000017 937.7035019060224
0.4 3.5000000000000018 937.1294203949775
0.4 3.600000000000002 934.1052281810391
0.4 3.700000000000002 924.0179101263416
0.4 3.800000000000002 919.7554994286556
0.4 3.900000000000002 913.3847270547982
0.4 4.000000000000002 911.3902020335659
0.5 0.1 935.58950789758
0.5 0.2 940.5928694928808
0.5 0.30000000000000004 944.278267408502
0.5 0.4 952.5134401691535
0.5 0.5 956.8621468692796
0.5 0.6 961.9582642234809
0.5 0.7 957.4853787297702
0.5 0.7999999999999999 966.0227103983048
0.5 0.8999999999999999 965.3217966983015
0.5 0.9999999999999999 964.9678092069105
0.5 1.0999999999999999 974.0457235737254
0.5 1.2 978.35525224096
0.5 1.3 974.4218459187766
0.5 1.4000000000000001 983.890938155848
0.5 1.5000000000000002 981.3336733575061
0.5 1.6000000000000003 982.1389332912288
0.5 1.7000000000000004 981.373882603856
0.5 1.8000000000000005 978.6092718532742
0.5 1.9000000000000006 982.6259349584068
0.5 2.0000000000000004 976.8523440467636
0.5 2.1000000000000005 978.2479530700496
0.5 2.2000000000000006 974.1336237088224
0.5 2.3000000000000007 971.6940139630285
0.5 2.400000000000001 977.7099601407294
0.5 2.500000000000001 969.0674142354267
0.5 2.600000000000001 965.8337971984926
0.5 2.700000000000001 964.1593417438958
0.5 2.800000000000001 960.8972060956563
0.5 2.9000000000000012 956.0759207929435
0.5 3.0000000000000013 950.0244468201213
0.5 3.1000000000000014 945.53487800879
0.5 3.2000000000000015 939.5882917244114
0.5 3.3000000000000016 937.1831778255132
0.5 3.4000000000000017 928.0464453626148
0.5 3.5000000000000018 926.9369503380792
0.5 3.600000000000002 917.9884156681404
0.5 3.700000000000002 918.7003816527849
0.5 3.800000000000002 913.2209321470821
0.5 3.900000000000002 901.8059134205
0.5 4.000000000000002 898.0490283278072
0.6 0.1 936.573894592885
0.6 0.2 950.9825917688866
0.6 0.30000000000000004 957.1474105833757
0.6 0.4 954.3006893083776
0.6 0.5 957.4831522183614
0.6 0.6 960.9133990889852
0.6 0.7 966.1683164903218
0.6 0.7999999999999999 969.4439228701535
0.6 0.8999999999999999 973.0163036247535
0.6 0.9999999999999999 979.432788906583
0.6 1.0999999999999999 980.4868597049133
0.6 1.2 978.4163726680297
0.6 1.3 977.3750287145057
0.6 1.4000000000000001 981.5267886633142
0.6 1.5000000000000002 981.6109724214654
0.6 1.6000000000000003 983.4459220971723
0.6 1.7000000000000004 979.1960492524524
0.6 1.8000000000000005 972.2868606121234
0.6 1.9000000000000006 976.8471461518793
0.6 2.0000000000000004 978.2357025867851
0.6 2.1000000000000005 972.5200973368915
0.6 2.2000000000000006 969.7873805692424
0.6 2.3000000000000007 964.3579565775851
0.6 2.400000000000001 968.9291934506283
0.6 2.500000000000001 967.803177622965
0.6 2.600000000000001 962.1323792175248
0.6 2.700000000000001 956.7987494468903
0.6 2.800000000000001 948.0317165290593
0.6 2.9000000000000012 945.0352101460729
0.6 3.0000000000000013 941.9073137839439
0.6 3.1000000000000014 938.0853459518644
0.6 3.2000000000000015 929.2080731477886
0.6 3.3000000000000016 923.5305312306184
0.6 3.4000000000000017 919.324595053848
0.6 3.5000000000000018 911.2042451614275
0.6 3.600000000000002 905.2465289184346
0.6 3.700000000000002 903.8920319325094
0.6 3.800000000000002 896.6332207126155
0.6 3.900000000000002 889.3711451944669
0.6 4.000000000000002 879.3971497263157
0.7 0.1 952.4377194656952
0.7 0.2 958.6862274958277
0.7 0.30000000000000004 956.950634859381
0.7 0.4 966.7752987702437
0.7 0.5 965.6131437141028
0.7 0.6 968.3694325637096
0.7 0.7 970.6210688279416
0.7 0.7999999999999999 973.7988383441245
0.7 0.8999999999999999 982.207839123064
0.7 0.9999999999999999 973.7211923892274
0.7 1.0999999999999999 980.3107164245903
0.7 1.2 982.306422481319
0.7 1.3 979.37737482125
0.7 1.4000000000000001 984.4087985833505
0.7 1.5000000000000002 983.7813922894854
0.7 1.6000000000000003 981.1428686043322
0.7 1.7000000000000004 977.9787672826492
0.7 1.8000000000000005 975.75586117305
0.7 1.9000000000000006 975.8104761334438
0.7 2.0000000000000004 974.2757297138837
0.7 2.1000000000000005 971.1227626802305
0.7 2.2000000000000006 968.7538287612516
0.7 2.3000000000000007 967.2924673375087
0.7 2.400000000000001 959.2586178295944
0.7 2.500000000000001 957.4424546363166
0.7 2.600000000000001 948.4918452711081
0.7 2.700000000000001 944.8807765948985
0.7 2.800000000000001 935.6731308994914
0.7 2.9000000000000012 936.176501905737
0.7 3.0000000000000013 927.8386349774759
0.7 3.1000000000000014 924.9174087468923
0.7 3.2000000000000015 913.025522110578
0.7 3.3000000000000016 910.9901282877138
0.7 3.4000000000000017 907.6950615424295
0.7 3.5000000000000018 905.9843715343603
0.7 3.600000000000002 898.7855783257037
0.7 3.700000000000002 887.5631022427528
0.7 3.800000000000002 884.364203895801
0.7 3.900000000000002 877.8039660042979
0.7 4.000000000000002 872.4650551848983
0.7999999999999999 0.1 953.6676977214397
0.7999999999999999 0.2 965.6694312605387
0.7999999999999999 0.30000000000000004 965.776325250022
0.7999999999999999 0.4 972.0007182669971
0.7999999999999999 0.5 973.2147326917053
0.7999999999999999 0.6 977.688064456388
0.7999999999999999 0.7 979.8975172058641
0.7999999999999999 0.7999999999999999 976.0076716519636
0.7999999999999999 0.8999999999999999 976.9942673940047
0.7999999999999999 0.9999999999999999 976.1398271372105
0.7999999999999999 1.0999999999999999 981.5542592902464
0.7999999999999999 1.2 984.0455540019092
0.7999999999999999 1.3 982.8943681453748
0.7999999999999999 1.4000000000000001 977.2371417816345
0.7999999999999999 1.5000000000000002 973.7038626102793
0.7999999999999999 1.6000000000000003 974.161809203307
0.7999999999999999 1.7000000000000004 973.885657433365
0.7999999999999999 1.8000000000000005 970.8122647189205
0.7999999999999999 1.9000000000000006 970.1810032853643
0.7999999999999999 2.0000000000000004 969.8670683668313
0.7999999999999999 2.1000000000000005 966.2775853555617
0.7999999999999999 2.2000000000000006 959.391623953772
0.7999999999999999 2.3000000000000007 956.5350249688049
0.7999999999999999 2.400000000000001 947.5331409599289
0.7999999999999999 2.500000000000001 947.2025095778491
0.7999999999999999 2.600000000000001 942.8062572140277
0.7999999999999999 2.700000000000001 936.4703060644364
0.7999999999999999 2.800000000000001 932.1877554756305
0.7999999999999999 2.9000000000000012 925.0456235943129
0.7999999999999999 3.0000000000000013 914.3242046145808
0.7999999999999999 3.1000000000000014 912.9089092192712
0.7999999999999999 3.2000000000000015 907.8500152478961
0.7999999999999999 3.3000000000000016 903.5962120074233
0.7999999999999999 3.4000000000000017 894.6494771725372
0.7999999999999999 3.5000000000000018 890.1519075906368
0.7999999999999999 3.600000000000002 887.7874758809148
0.7999999999999999 3.700000000000002 878.8813623948732
0.7999999999999999 3.800000000000002 871.4389093246161
0.7999999999999999 3.900000000000002 865.958812845282
0.7999999999999999 4.000000000000002 858.2041759879565
0.8999999999999999 0.1 965.7412442868016
0.8999999999999999 0.2 969.7061891626481
0.8999999999999999 0.30000000000000004 978.8744619642232
0.8999999999999999 0.4 975.5791253438998
0.8999999999999999 0.5 982.8982893193512
0.8999999999999999 0.6 977.3481312115321
0.8999999999999999 0.7 977.235471075954
0.8999999999999999 0.7999999999999999 977.5362269902806
0.8999999999999999 0.8999999999999999 983.0294329019955
0.8999999999999999 0.9999999999999999 981.3923241647628
0.8999999999999999 1.0999999999999999 982.1098775279441
0.8999999999999999 1.2 983.1421670561607
0.8999999999999999 1.3 978.657165592334
0.8999999999999999 1.4000000000000001 973.6457982379369
0.8999999999999999 1.5000000000000002 976.5230189386095
0.8999999999999999 1.6000000000000003 973.5118305302742
0.8999999999999999 1.7000000000000004 971.0015634259964
0.8999999999999999 1.8000000000000005 970.8589810371687
0.8999999999999999 1.9000000000000006 964.2237523749806
0.8999999999999999 2.0000000000000004 961.7242117382957
0.8999999999999999 2.1000000000000005 957.5651325466417
0.8999999999999999 2.2000000000000006 952.0945021721272
0.8999999999999999 2.3000000000000007 944.5476512352319
0.8999999999999999 2.400000000000001 939.7485093697373
0.8999999999999999 2.500000000000001 935.6393796757415
0.8999999999999999 2.600000000000001 928.2066863209191
0.8999999999999999 2.700000000000001 925.9173434419304
0.8999999999999999 2.800000000000001 918.7058857259069
0.8999999999999999 2.9000000000000012 909.8967872198706
0.8999999999999999 3.0000000000000013 908.0482910938244
0.8999999999999999 3.1000000000000014 902.1671636399703
0.8999999999999999 3.2000000000000015 894.6004948503034
0.8999999999999999 3.3000000000000016 890.7138817911153
0.8999999999999999 3.4000000000000017 884.696886033939
0.8999999999999999 3.5000000000000018 876.8915672303144
0.8999999999999999 3.600000000000002 874.5007982538663
0.8999999999999999 3.700000000000002 863.6252628606867
0.8999999999999999 3.800000000000002 858.6722787621404
0.8999999999999999 3.900000000000002 855.8214234143168
0.8999999999999999 4.000000000000002 844.0576700863701
0.9999999999999999 0.1 977.8151386824262
0.9999999999999999 0.2 976.4781028929928
0.9999999999999999 0.30000000000000004 976.5480996360528
0.9999999999999999 0.4 981.6222595758295
0.9999999999999999 0.5 983.0637884611285
0.9999999999999999 0.6 982.1829504332756
0.9999999999999999 0.7 983.3559088861914
0.9999999999999999 0.7999999999999999 982.4318688971872
0.9999999999999999 0.8999999999999999 982.5758881231945
0.9999999999999999 0.9999999999999999 983.5887423169642
0.9999999999999999 1.0999999999999999 985.4246957904023
0.9999999999999999 1.2 981.4252552506853
0.9999999999999999 1.3 977.0293475237484
0.9999999999999999 1.4000000000000001 974.237218039635
