498.2078460984236 71.82000000000001 262.65 3.862030333526695 183.8158157648969
515.6797899242425 41.339999999999996 211.1 4.3450522128845614 272.6747377113579
491.0765185882572 40.89 204.7 4.312449180311298 254.80406940794592
484.60510726190927 39.69 201.65 4.316563496122299 252.178543765787
485.3929618585665 41.160000000000004 203.7 4.366527312375759 249.88643454619074
469.6914226883385 43.32 205.35 4.34687048901928 231.1145521993192
481.0897992251616 46.589999999999996 213.65 4.380196356953992 231.99960286820757
583.6178219003383 63.3 251.1 4.430163280176502 285.8876586201617
573.9953009215893 66.06 258.0 4.456522112684962 267.4987788089044
794.1710354681212 1234.98 619.5 4.365918085508479 -653.0148826173872
607.2791803393795 136.29 325.5 4.347216439188751 186.57196390019078
673.7750193078009 523.53 434.4 4.231895379954022 -113.8768760721531
863.3134398429642 3668.1 832.85 4.45406340742872 -2419.3906235644645
604.6198944883945 99.0 286.65 4.474866454038799 247.49502803435576
610.6862693208747 185.19 305.75 4.559356278020004 176.91691304285462
599.513089764209 249.57000000000002 329.0 4.539693086196633 99.59339667801237
579.7964448315561 307.56 341.65 4.45389227885131 28.652552552704776
489.22096787970236 77.88 246.8 4.420846048279345 186.08012183142296
434.4006161250318 44.61 221.05 4.1769329017254 179.43368322330633
482.5936607744819 37.019999999999996 211.5 4.063159958212708 242.35050081626923
507.47050322569527 36.27 223.55 4.0679680402869 255.67253518540832
463.12361752311074 29.009999999999998 206.95 3.8605909390871034 232.97302658402367
439.58145043161517 26.73 201.95 3.7328275716615718 216.0786228599536
484.82556014303765 34.739999999999995 222.95 3.804849822848604 234.91071032018903
497.66296884752103 35.64 228.55 3.8073880265583675 241.54558082096264
407.0338648570224 18.09 188.1 3.5574907427928966 203.31637411422955
444.093096990622 17.16 187.75 4.022693020709784 240.8804039699122
440.1440142876366 18.0 192.9 3.977398796904809 231.26661549073177
418.9369826420391 18.21 190.7 3.8531097204049867 212.24387292163414
436.59522972194816 23.43 204.0 3.8134832647022963 213.16174645724584
465.2637556076969 30.6 224.0 3.895565306360041 216.9681903013369
523.7312324863807 52.35 260.15 4.066775762564946 224.6144567238158
602.1369477919973 55.71 265.2 3.98567066549427 295.81127712650306
591.2868256635494 33.839999999999996 243.7 3.798276803378426 321.2285488601711
592.264926517346 34.739999999999995 242.55 3.7491945328248035 322.8057319845212
572.9118487471765 29.13 232.3 3.769207232177932 317.4226415149986
561.1918342392979 28.529999999999998 233.3 3.8256835840063768 305.04615065529157
553.8849697115377 37.11 247.45 3.9101588354939794 277.78481087604365
481.52070835732263 26.46 207.75 4.057918055516047 252.0727903018066
478.4091716699539 22.92 203.8 4.0123485607671725 255.31682310918666
480.28180688330315 22.41 204.25 4.016480601240041 257.0753262820631
430.3316931947351 19.92 186.8 3.8710586248451655 226.38063456988993
401.41419485965326 18.24 179.7 3.8183923575284187 205.73580250212484
373.3770806671147 18.75 177.55 3.6824676187969456 179.64461304831775
428.16378682840445 20.310000000000002 182.45 3.6068445536136426 228.5669422747908
485.4236688065322 27.12 202.95 3.8307544265716333 260.5629143799606
529.1539640144265 33.959999999999994 222.6 3.887735809105822 280.02622820532065
566.1702353363743 35.370000000000005 232.15 3.956981304518354 306.48325403185595
592.521094615774 36.72 241.8 3.9750994956664156 322.26599512010756
630.9442534492875 51.39 269.15 4.078831463740768 323.45542198554676
