1801.2743143815012 903.54 1054.75 0.7897394676533306 143.37457491384794
1819.0857918132601 1007.2500000000001 1074.55 0.7850351709534771 72.25075664230667
1801.8766552857696 954.96 1025.35 0.7887920079705746 139.0978632777992
1813.2357280451558 1137.2099999999998 1066.15 0.7608067946162341 -11.815078749460326
1863.428754767852 1419.8999999999999 1173.35 0.742081738709636 -257.2633269708574
1756.6322832017363 1310.1599999999999 1027.65 0.8400238969489997 -145.29774069521272
1728.480553959893 1518.48 1027.55 0.9043964274017752 -312.2938424675086
1734.1083738813127 1533.54 1046.15 0.9061240337920802 -335.30775015247946
1723.532329834591 1108.44 1030.65 0.8937964548539417 -46.97146662026296
1778.485220438733 1281.5400000000002 1097.65 0.8500828574682233 -174.37486241873546
1750.3053994744448 1064.37 1009.45 0.7771012860107894 30.49829818843409
1764.8930353329117 1173.9 984.75 0.747336384778423 -3.2043010518667643
1851.4221076460162 1703.01 1126.5 0.8401797688242899 -411.25807212280824
1994.3214240559591 3843.75 1476.75 0.8603650849640544 -2045.788941029005
1991.156852956916 2718.42 1437.2 0.8269927547510717 -1259.1501397978352
1987.8267136750524 1819.26 1450.55 0.7008997296429461 -676.2641860545907
2048.346080316541 2245.5 1627.55 0.5386062283180465 -1076.7425259117772
2022.4612789751932 1732.05 1519.9 0.5975755062700714 -652.7362965310771
1774.4594641158506 757.8000000000001 1110.25 0.6931539206739966 158.31631019517658
1764.7251908765743 545.73 1029.2 0.5570042435217214 371.14818663305255
1655.2707031807017 382.83 878.15 0.5563080538101328 521.3443951268915
1599.2749599262572 388.77 823.45 0.5521060343292796 516.0928538919279
1606.3225276568646 375.71999999999997 880.95 0.4980758101250851 474.39445184673946
1622.8102187226696 395.96999999999997 892.05 0.55730819430731 466.22291052836226
1648.7457647698675 436.8 924.45 0.59999943151701 432.49576533835034
1671.9228441495982 515.97 907.8 0.6732626319294351 419.46958151766876
1618.5695888589653 431.34000000000003 814.5 0.6600597088286554 515.8495291501367
1616.7156977649868 389.76000000000005 792.75 0.682779023478347 563.4429187415085
1583.0278470425483 269.19 773.0 0.6185749509481439 629.9492720916
1554.7388307997799 234.63 745.3 0.5765130019894275 652.4423177977903
1546.9992671467287 307.32 813.2 0.5379387912177016 528.381328355511
1519.2656071755669 277.11 780.35 0.5257880901693973 553.6498190853973
1544.4543242361133 269.07 778.7 0.5218190863122354 585.8525051498009
1594.020179517521 435.93 933.65 0.5756337641053345 369.1745457534156
1564.3375381325934 356.09999999999997 861.2 0.5197059531412253 465.2178321794522
1667.4054647775645 765.0 1129.65 0.5079967700812178 27.24746800748312
1650.46639500701 763.2 1079.65 0.5596792381735903 61.456715768836375
1549.3172226774964 452.15999999999997 911.95 0.5932885154546068 335.3339341620417
1515.2057376292996 265.32 738.6 0.5507896601416293 599.1749479691579
1459.0201091878707 241.2 655.3 0.6058471923875215 642.3142619954833
1512.2563109155653 331.62 721.25 0.5714916087711193 569.3548193067943
1574.6207201547302 410.42999999999995 805.15 0.5360243355626299 495.31469581916747
1601.3802873215864 359.76000000000005 803.8 0.5434644751481239 557.1968228464382
1482.9898012939404 195.33 616.6 0.5146102721360901 735.6551910218044
1475.1582565998892 185.76 625.55 0.4646245052025708 725.3036320946867
1453.2630452517108 186.51 610.6 0.4513119198508551 717.8717333318599
1497.9061167160198 202.59 642.5 0.45829564144829643 719.8878210745715
1668.466967450407 364.5 840.25 0.5401337799235859 584.6768336704836
1564.8361320536987 372.96000000000004 884.6 0.5215180041591091 431.0746140495395
1683.093491007067 3613.62 1245.55 0.8778491243297034 -1972.4143581172625
