51.85613441209939 19.98 134.35 0.5624882205812306 -96.37635380848184
1271.253189538412 63.51 318.35 8.847323037034402 901.7158665013777
1262.8749842917398 71.42999999999999 333.6 8.812124381458757 872.8428599102812
1334.0323244052265 234.84 466.3 8.89215507626845 702.2801693289582
1267.6909536331436 97.23 365.9 8.711723370744831 828.259230262399
1212.3647318721908 81.75 344.9 8.692498105167713 804.2722337670231
1211.4194495494355 101.19000000000001 369.45 8.773495167625343 765.7359543818102
1381.2185104013327 183.15 443.25 7.639689144092312 808.2288212572405
1422.4565202837207 214.76999999999998 493.85 7.523911829668711 777.9026084540518
1592.7559952727647 1670.46 860.15 8.376187393202455 -389.4101921204378
1504.2305639446736 624.93 656.45 7.838261742467247 423.3223022022064
1472.1177397930492 493.40999999999997 606.1 7.56550412674795 529.5122356663011
1568.8132375667597 1779.48 764.15 7.86870145646279 -389.5254638897033
1391.545844802574 167.7 450.35 8.838033379358993 820.557811423215
1388.830033597166 275.82000000000005 480.8 8.842634477241699 715.3073991199242
1396.4468790100698 365.78999999999996 535.55 8.756672095557333 608.2802069145125
1370.8450493123541 423.27 558.95 8.881767967961473 520.8332813443926
1338.1249483002855 186.96 492.8 8.90495613649898 711.7799921637866
1284.1918794229061 146.04000000000002 458.55 8.980393046445217 719.3014863764611
1492.8507596637148 455.82000000000005 538.25 7.692195141908847 643.0285645218062
1461.9044454825012 135.75 477.45 7.282450652062296 886.6719948304387
1446.7908966697667 230.39999999999998 551.45 7.486642436988183 734.2542542327785
1442.1976928291563 259.44 572.35 7.39100034523276 689.4966924839235
1426.027970322194 243.54000000000002 563.7 7.301622854697839 692.666347467496
1397.866160797895 184.89000000000001 526.95 7.218671807695432 740.4374889901994
1180.5683603101454 397.44 434.2 7.7917752430594325 473.61658506708596
1213.6103145376064 51.839999999999996 324.35 9.081071428504135 845.6192431091023
1225.4056585915675 66.51 341.05 8.882585969899672 831.1330726216679
1224.1161234024014 64.59 335.35 8.771624119638117 836.9344992827633
1269.1290486747173 270.36 402.45 8.64983106831965 677.7892176063976
1278.490301031338 92.1 404.15 8.53649193421921 804.4038090971188
1374.2767932931288 146.54999999999998 488.9 8.389007068822098 779.2877862243066
1491.2224677543236 166.62 520.8 6.987240594901441 852.3552271594222
1641.3376648112755 695.49 702.55 6.934431115190841 468.1932336960847
1560.4453861418071 179.46 561.45 6.509191388284946 872.846194753522
1528.483113163374 173.46 554.85 6.477353530943009 851.5157596324308
1614.4186065901454 767.64 698.9 6.9467327170332505 396.8118738731122
1492.4320059264696 159.32999999999998 533.8 6.695397598077279 845.7166083283923
1282.6135910021976 61.44 330.4 8.85738812917205 902.3962028730256
1237.36350996239 47.760000000000005 297.5 8.923084468309026 899.100425494081
1233.6477062177387 55.86 313.95 8.879638022633632 873.5780681951051
1233.0586576846242 57.96 318.3 8.839774185183446 867.2788834994408
1296.629695034032 122.49000000000001 404.2 8.877206189702697 801.8924888443291
1198.236086047958 77.64 336.2 8.977056488798235 801.2990295591596
1341.4530073211306 103.44 387.55 7.356866010724594 877.586141310406
1374.8058513812823 118.14 414.75 7.348325682454748 873.9475256988276
1420.1072213557757 136.14000000000001 449.3 7.337247361620888 872.7099739941548
1534.3606904957842 234.87 526.95 7.236113381570558 843.5945771142137
1477.407774708951 129.45000000000002 488.3 6.998511824610397 895.8092628843406
1547.2553071743603 602.16 650.05 7.165375356961734 488.59993181739856
