1497.5419415736878 294.63 769.95 0.24959032359561614 530.9223512500921
1700.6376730353884 386.15999999999997 863.4 1.4425866208733824 578.3550864145151
1690.3785983333462 370.26 841.3 1.3296732328144272 600.9089251005319
1719.4069099716803 564.51 931.0 1.4210283522758833 410.64588161940424
1710.37293222743 577.3199999999999 909.8 1.3649728714800637 414.32795935595004
1668.6005810709507 493.59 840.55 1.5142233711714235 497.4763576997793
1684.8211979538441 565.38 861.15 1.5588438391780024 445.19235411466605
1672.0190672992699 692.46 884.25 2.018549136074684 324.11051816319537
1697.8356805592207 725.37 933.3 1.872878390555129 279.0828021686657
1772.8432505526666 1659.8700000000001 1145.35 2.1419989673440916 -481.2287484146773
1715.5668228588172 745.9200000000001 969.0 1.7400346391891497 247.54678821962807
1742.8068291790535 1070.49 1004.8 1.7590905796134513 22.587738599439945
1820.2872371361364 2225.01 1124.7 1.9861588748717904 -789.7389217387356
1827.2978330029298 1166.88 1114.25 1.5033852472899074 -66.37555224436028
1812.856260245545 988.17 1129.8 1.5741335623814456 22.70212668316367
1809.7404972607644 1044.69 1138.3 1.6769787910308465 -26.69648153026651
1785.6598176657753 1033.71 1130.7 1.6821133722334711 -35.8622957064581
1780.878632391518 729.78 1071.65 1.5627762629606865 221.1458561285574
1743.4446679864948 587.16 1005.05 1.5016717137643971 345.4529962727304
1730.739588037312 507.45 991.65 1.5658702298112521 399.22371780750075
1731.6758174572303 492.24 998.8 1.5816875529018426 403.13412990432835
1702.9647988829215 562.74 990.85 1.7617300917396168 335.1930687911821
1692.796060226719 575.67 994.65 1.7384755881892147 312.6275846385298
1673.7553241258265 539.5200000000001 948.6 1.6989431928908858 363.77638093293547
1660.037451517027 462.71999999999997 901.4 1.667787883041704 448.4896636339853
1712.0110828962927 912.51 951.7 1.6009174573866762 150.37016543890604
1634.3508144176537 333.81 808.25 1.0767079827171904 602.4841064349366
1634.6240530530285 382.08000000000004 796.25 1.3169832944716147 582.3370697585569
1646.4023077320935 448.38 799.7 1.2855313276962546 546.4967764043972
1656.5233939083128 995.0699999999999 828.0 1.5696773505813923 163.57371655773147
1667.3889052229626 443.4 880.15 1.5286014240569377 490.1103037989059
1744.4287000655947 622.3199999999999 992.6 1.6618086423524518 335.2868914232423
1763.2097418887706 1007.2500000000001 1055.15 1.6737556063256163 34.88598628244495
1821.5068326081625 1045.02 1118.55 1.9377534962136262 4.339079111948877
1760.4274294480897 516.39 1008.35 1.6280748560476999 406.1893545920419
1736.0212621537248 477.92999999999995 985.6 1.5519282390552471 430.2493339146696
1746.2379353042609 457.71 957.15 1.4673095194792738 482.4806257847814
1716.8951562335828 424.53 891.15 1.481579108789168 541.2435771247937
1700.296931195365 392.94 851.15 1.475669460535154 585.7112617348299
1657.9337670304396 286.8 767.95 1.5113222743151422 697.2724447561245
1642.9778067764344 270.93 749.65 1.5822630002180649 711.1255437762162
1635.1257285682648 240.39 729.0 1.3514133613077237 744.514315206957
1653.334854417948 260.88 753.75 1.2730431046564077 724.3918113132916
1612.11253235086 256.26 706.65 1.2376220648933969 733.3849102859666
1639.0452148156326 354.03000000000003 798.9 1.3547828010653191 602.7704320145673
1683.1433220251438 457.91999999999996 902.5 1.2496261322766187 474.1136958928671
1703.8579265879393 469.53 940.25 1.3962197911468512 449.19170679679246
1769.1064771522124 510.36 1002.25 1.3230136357669036 425.2934635164454
1724.9224706539069 434.43 943.6 1.339232326039419 490.3632383278674
1780.624302221588 933.87 1058.7 1.7114358957438176 97.63286632584436
