41.500917833017176 20.19 134.75 0.4986806471912322 -107.20776281417406
1061.2894374697935 62.58 301.05 8.320343545400014 710.1990939243935
1059.0247402099221 68.1 307.8 8.286382301685627 697.5383579082365
1110.6899644510563 141.12 404.3 8.260429818325646 604.0495346327307
1062.1694870630943 91.41000000000001 344.2 8.294345347678453 648.7351417154157
1019.0598711385044 84.3 335.3 8.246397846270108 619.3134732922342
1015.6958640437924 104.91 350.35 8.223022692433684 587.1828413513587
1160.0074069801128 195.92999999999998 418.2 7.082410163469781 604.1049968166428
1191.5767939717452 223.62 459.85 7.015648556851824 575.6311454148935
1298.1700676187443 1150.53 750.55 7.621713089596628 -227.02164547085226
1247.7003770141748 458.21999999999997 598.6 7.248683899367127 336.3716931148076
1242.815124665352 451.46999999999997 582.1 7.094474682349691 352.6406499830023
1326.6704245577534 1316.79 724.85 7.278032647671533 -283.3176080899181
1179.492960300251 158.76 436.85 8.474152348880413 628.3288079513708
1186.9514087629577 247.61999999999998 469.5 8.466636898578157 543.9047718643797
1190.7153081751844 318.75 514.75 8.409106895926035 455.0562012792584
1163.0211160201102 373.89 526.3 8.466089339737527 378.9950266803727
1130.3281853799936 170.76 464.05 8.443844044583374 543.9943413354101
1079.2138869183848 126.81 426.55 8.456798502847963 559.6670884155369
1255.8582485641882 239.16000000000003 493.55 7.099138203980185 595.7691103602081
1237.5376847680764 129.12 458.9 6.8807871722807175 685.6768975957958
1216.776555159163 198.48 516.85 6.919376258749232 560.6871789004139
1207.6672565913518 219.63 532.9 6.862908517608465 521.4843480737433
1197.182102557928 218.73000000000002 532.1 6.8221816161019015 512.439920941826
1179.1247363535704 176.94 507.15 6.813671122442207 547.2010652311282
963.8154259619537 198.54000000000002 378.0 7.290675554217184 446.1647504077365
1020.3334595567634 46.800000000000004 300.55 8.612917946368981 679.9705416103943
1027.4219322084418 55.620000000000005 314.95 8.416397461066662 666.9755347473751
1027.5497931972986 61.410000000000004 320.55 8.30159374359424 657.7581994537043
1047.197103373227 154.53 362.75 8.14718615833652 573.2799172148906
1074.342193982639 86.94 390.2 8.199551504048909 617.9826424785899
1153.7615972647984 133.89000000000001 469.2 8.046488955954445 587.255108308844
1262.0108596501143 143.46 484.3 6.6757236852312465 675.3951359648829
1368.1663634363567 431.84999999999997 617.15 6.500382854703027 456.6159805816536
1295.6223871079874 144.54 499.9 6.402248679798338 692.9601384281892
1269.9671070591266 139.26000000000002 495.1 6.429455150147177 675.5976519089796
1340.3686710934483 422.03999999999996 615.1 6.645847731748735 437.2628233616996
1256.2624298751457 142.29000000000002 495.7 6.598403051518876 659.1040268236266
1089.307891157936 55.53 315.7 8.41268088099418 728.1752102769417
1050.0201636917507 46.5 289.6 8.392068848763394 721.0280948429872
1036.3754726189604 50.4 291.9 8.363077965344933 702.5123946536155
1031.2498122366183 50.31 296.2 8.322661767545782 693.1871504690725
1076.4690498538866 88.2 366.25 8.320328857355003 643.0987209965317
1004.8483059701845 69.47999999999999 317.75 8.389420672389294 632.3888852977951
1152.2869564131627 97.53 373.0 6.823226544190067 707.4437298689727
1171.628594861265 105.96000000000001 387.35 6.898857697875524 706.7397371633893
1204.2555718977928 122.91000000000001 419.2 6.835391505861481 696.2801803919313
1279.7672928019874 172.61999999999998 479.95 6.709366827038221 678.0279259749493
1246.4130550446944 121.32 465.2 6.638551259444253 693.6945037852499
1295.153557981351 353.4 573.65 6.734037139779045 479.1695208415721
