production/mlinkm/3451553
0
1872
1312
1344
832
416
424
1840
888
1352
1352
1424
1408
1416
1424
1352
1152
768
1912
752
1224
1384
1480
1472
1376
1408
1416
1136
816
672
608
536
552
544
560
528
2016
864
1280
1440
2264
936
1224
2232
976
1440
1464
1368
1440
1472
1344
1384
1440
1472
2352
912
1304
1424
1392
1408
1336
1264
1384
1008
640
544
528
544
520
344
664
552
904
1760
1160
1392
1440
1416
1472
1448
1488
1440
1464
1384
1392
1312
576
464
528
592
1552
1240
1256
1336
1464
1456
1448
1432
1432
1384
1160
872
736
672
744
1032
896
production/mlinkm/3451650
0
1368
456
432
400
824
272
248
352
296
488
312
304
272
224
280
280
280
392
1312
744
224
240
256
264
280
400
296
296
688
1968
192
776
2520
336
256
256
1512
416
280
376
424
312
312
248
272
288
288
288
400
328
288
288
312
304
1032
1120
256
368
296
304
288
320
304
312
272
400
296
312
312
288
272
288
288
1552
544
256
320
240
264
496
408
280
264
232
752
1160
328
248
288
280
296
264
240
280
304
344
288
312
280
224
240
232
264
1480
712
400
328
304
224
256
264
240
256
448
304
1880
320
296
304
288
392
360
376
320
240
248
256
248
304
344
352
352
920
1088
296
280
408
312
304
352
336
296
856
1800
2040
1584
1320
1128
112
96
104
936
160
2680
496
352
280
296
384
256
264
280
280
288
280
264
272
272
280
904
1088
280
288
288
288
256
280
312
272
280
288
288
272
232
280
312
336
280
1648
560
288
264
272
296
304
376
248
232
240
224
1848
224
208
296
368
320
280
304
280
264
280
288
280
384
320
256
280
280
912
1072
224
280
296
344
280
280
296
264
224
312
272
312
360
296
296
288
272
1328
704
288
288
336
312
288
280
288
248
248
272
264
312
368
296
280
232
256
1360
528
280
376
368
264
224
232
232
232
264
264
1720
512
368
272
296
280
272
288
280
296
304
344
296
272
288
1888
936
1416
1608
1560
616
328
280
248
248
232
232
224
216
296
312
272
272
280
288
288
296
272
1648
360
288
312
256
280
288
288
296
288
312
280
272
296
280
288
288
256
224
1864
344
288
288
296
312
264
272
280
312
376
296
280
280
288
288
296
256
720
1312
312
288
280
320
272
280
272
288
304
368
312
1896
264
288
288
336
280
272
352
320
288
296
280
272
296
416
288
328
344
280
1536
680
304
272
280
280
280
336
352
288
272
288
1632
320
280
248
248
328
240
224
232
232
296
272
280
296
304
288
2240
160
1296
1632
328
240
240
328
224
240
256
272
280
280
280
288
328
280
232
216
296
1320
712
288
304
304
304
240
208
280
272
272
288
288
320
320
232
240
264
272
1656
432
280
288
352
328
272
288
280
288
240
256
1536
456
368
264
312
248
256
264
272
280
304
368
328
208
256
216
280
264
280
1672
512
312
280
272
280
304
264
288
272
360
776
1304
264
256
216
232
240
216
304
256
248
224
232
224
280
272
288
344
352
1504
608
280
288
280
288
264
224
336
248
224
224
280
272
280
280
272
352
272
1512
400
240
216
248
240
224
344
336
264
288
288
296
256
216
256
344
776
1192
288
288
312
256
280
304
360
344
288
264
304
264
288
304
256
272
304
1120
728
280
288
288
304
240
264
320
216
304
880
1136
272
288
272
248
368
272
280
288
312
256
232
280
304
368
280
280
288
1288
680
280
280
312
360
304
264
224
232
248
1392
528
304
344
288
296
312
232
272
272
272
336
376
280
256
240
272
272
1048
960
336
360
224
248
208
288
272
272
280
312
952
1160
272
280
288
288
264
240
280
344
328
272
288
288
280
296
288
280
320
984
1088
256
288
280
280
264
248
288
352
296
288
288
288
240
248
272
272
352
1216
736
320
280
272
288
280
288
280
328
240
224
232
224
248
224
272
312
344
1672
472
280
280
224
248
216
240
312
280
296
264
280
280
296
232
224
296
912
1056
272
272
288
288
280
304
312
352
288
288
288
296
256
224
304
272
344
360
1648
464
232
272
272
272
280
280
384
280
224
216
248
production/mlinkm/3451553
0
2712
760
1216
1320
1272
1528
808
864
1864
1120
1352
1456
1480
1456
1464
1480
1448
1688
1536
1304
1456
1384
1456
1456
1456
1456
1424
1440
1440
1392
1296
1192
832
632
472
1944
944
1256
1408
1480
1472
1368
1448
1408
1408
1328
1224
1088
576
1944
904
1648
1312
1304
1440
1472
1008
2056
864
1208
1408
1440
1384
1424
1432
1456
1344
1384
2600
712
1400
1904
1056
1424
1304
936
296
2048
832
1272
1432
1384
1424
1472
1480
1448
1464
1312
1776
1120
1408
1432
1456
1472
1464
1472
1488
1464
1424
1464
1448
1496
1432
1432
1496
1472
1688
1352
1392
1472
1464
1480
1416
1512
1408
1424
1624
1584
1728
1656
1568
1360
1320
1312
2112
968
1328
1448
1480
1456
1480
1408
1512
1432
1472
1440
1448
1464
1456
1432
1416
1288
2056
928
1336
1440
1448
1464
1456
1448
1456
1464
1432
1400
1320
1136
856
768
616
552
1968
864
1288
1376
1424
1400
1696
1432
1408
1216
1016
752
680
584
544
536
488
456
2184
896
1304
1400
1440
1472
1488
1400
1424
1440
1416
1296
1248
656
0
624
1688
2856
992
24
production/mlinkm/3451468
0
464
304
280
544
280
488
128
488
496
720
560
712
280
136
688
448
768
232
648
232
624
408
184
576
112
128
344
184
192
176
280
440
520
240
224
456
344
112
496
400
552
360
392
400
480
320
480
440
648
376
320
352
216
272
192
216
264
208
296
224
208
256
224
648
432
216
352
368
368
480
448
304
352
184
232
168
248
192
144
232
264
168
1264
576
496
504
440
496
296
240
320
224
256
production/mlinkm/3451609
0
920
216
216
224
704
1656
1832
1072
872
336
208
168
768
1256
1440
1432
1488
1440
1136
1144
1472
1424
1456
1448
1232
1432
440
528
1664
856
192
160
2040
784
1248
1328
1312
984
400
400
424
688
336
216
184
208
1032
880
656
424
664
960
720
952
712
616
512
424
1008
824
800
808
880
840
864
1000
944
1024
376
864
512
552
720
720
776
1000
472
568
648
672
376
624
728
760
824
912
888
776
832
816
784
992
792
832
888
928
1048
872
768
320
280
288
312
296
872
896
920
896
880
776
production/mlinkm/3451469
0
920
640
272
296
384
264
256
288
328
1792
864
944
760
536
464
496
448
1104
1112
1648
664
784
1176
1032
872
656
464
448
456
440
440
448
456
488
536
1168
1240
464
432
232
232
464
440
456
440
424
360
352
352
344
352
360
360
408
1936
448
408
424
328
440
240
280
304
264
336
320
248
1688
600
208
1720
760
1584
1288
1240
1384
1128
1008
608
264
280
264
272
296
304
296
304
312
320
1240
328
232
232
240
240
240
240
240
224
232
248
224
240
232
224
240
608
production/mlinkm/3451468
0
792
408
208
712
480
352
384
136
368
328
216
368
256
304
312
288
296
312
272
248
624
208
280
352
224
248
424
1264
1160
32
872
392
408
376
328
408
640
776
696
528
408
440
1184
664
272
368
192
440
360
264
112
448
360
784
2112
24
656
352
376
192
216
304
240
360
224
288
320
176
488
784
456
656
392
384
232
328
184
192
160
104
288
184
224
216
232
224
232
192
432
704
344
328
312
248
192
152
312
216
376
368
304
328
352
360
336
728
984
400
384
288
296
272
288
304
304
328
352
480
344
320
312
320
352
312
1032
512
440
568
584
832
720
528
632
344
288
312
392
296
280
288
304
344
336
936
632
440
400
304
328
296
320
304
328
288
336
304
1040
832
944
432
768
1248
1056
640
520
384
960
520
376
488
288
384
320
336
304
304
336
368
680
912
672
400
352
384
360
336
304
408
456
360
376
368
352
664
912
720
472
304
1152
704
448
744
832
312
304
288
320
272
512
992
720
352
344
352
376
1288
640
728
520
520
312
288
320
296
320
296
280
320
320
280
296
320
320
344
336
1032
488
320
288
312
256
328
272
328
264
320
312
296
224
344
304
296
224
408
888
840
1272
320
1064
352
264
312
480
336
328
328
312
296
280
264
48
1760
368
272
280
304
264
368
312
344
488
368
344
376
344
312
256
680
1040
848
800
400
48
1528
248
240
256
824
688
344
288
272
304
440
856
608
520
400
304
496
256
264
296
288
264
312
288
320
288
272
288
312
296
960
544
344
328
368
320
328
352
544
336
344
464
336
320
328
312
352
320
840
208
672
488
208
352
312
312
296
312
400
304
304
264
200
200
232
736
584
464
304
272
336
96
584
416
736
464
216
440
640
320
248
232
472
968
472
328
304
320
880
744
696
744
360
440
296
344
560
688
536
584
704
1120
696
456
336
336
344
160
488
240
240
296
80
1096
1192
536
392
120
1720
352
1336
32
856
504
320
328
296
360
304
288
328
392
360
344
368
328
320
288
328
296
984
608
328
424
376
344
344
320
952
704
896
728
552
808
472
80
1560
328
1040
512
712
336
352
320
352
320
320
352
296
224
248
264
production/mlinkm/3451609
0
1016
1024
952
824
936
864
928
904
1000
896
1032
328
840
1992
1248
984
848
368
872
1728
production/mlinkm/3451553
0
2680
1320
1456
1456
1416
1456
1416
1392
1328
1008
640
584
552
576
704
536
504
1952
904
1336
1416
1328
1392
1472
1448
1440
1408
1224
952
888
544
544
624
504
544
880
1696
1176
1424
1424
1496
1448
1440
1472
1400
1144
936
688
600
592
696
560
536
928
1704
1144
1392
1400
1536
1448
1456
1424
1464
1448
1432
1440
1392
1304
1264
1048
696
896
1760
1192
1400
1448
1480
1448
1456
1424
1424
1424
1424
1432
1360
1216
1224
944
560
880
1832
1128
1360
1464
1464
1472
1416
1408
1416
1240
896
712
704
632
840
768
1128
1400
1232
1400
1032
832
1504
1264
1456
1456
1440
1360
1416
1472
1256
920
784
1256
1024
592
2200
1024
1352
1440
1448
1472
1456
1424
1432
1400
1280
1064
816
624
592
480
456
424
2128
1096
1376
1456
1496
1456
1464
1448
1416
1400
1320
1240
928
688
544
536
536
552
2112
1096
1360
1456
1472
1448
1464
1456
1416
1312
1144
824
688
568
552
544
528
952
1704
1192
1416
1456
1464
1456
1440
1424
1368
1320
848
472
512
472
440
488
464
2072
1032
1368
1368
1368
1400
1464
1456
1432
1440
1336
944
760
680
688
632
528
2048
792
1256
1368
1480
1456
1480
1416
1440
1368
1240
816
544
544
552
560
448
472
2216
680
1256
1432
1456
1472
1440
1456
1424
1408
1400
1280
744
472
576
520
536
536
944
1728
1216
1360
1408
1456
1392
1344
1352
1032
736
680
584
504
536
528
536
552
928
1760
1128
1360
1456
1432
1504
1472
1480
1432
1432
1328
1144
1120
696
512
424
448
488
2208
984
1312
1432
1416
1456
1472
1456
1472
1448
1400
1400
1328
1552
1320
1368
1600
1248
1776
1176
528
584
352
368
536
328
376
376
176
800
1336
1248
1416
1456
1544
production/mlinkm/3451540
0
1504
1184
648
792
800
872
824
744
832
1040
912
800
888
920
928
1456
1712
1912
1312
656
736
824
1000
904
752
824
688
856
672
1168
784
792
928
912
848
944
976
904
672
648
800
920
840
816
848
800
1072
936
912
704
824
736
640
920
816
1344
728
784
648
424
856
1080
816
1024
920
1000
976
904
792
800
776
776
792
776
1880
480
768
968
936
952
936
960
1048
1104
1152
1232
1120
1592
1952
1312
1360
2224
800
952
1008
1256
1280
1352
1304
1304
1184
1192
1320
1296
1240
1296
1352
1304
1336
1288
1328
production/mlinkm/3451469
0
1072
256
1624
880
1120
1256
1424
1440
1456
1448
1408
1808
584
1728
680
712
280
1312
264
240
240
1208
1296
1120
664
1520
880
1024
1488
1296
1448
1464
1488
1272
1576
1328
1408
1496
1384
1320
1536
1376
1480
1328
880
536
640
352
176
320
1288
352
304
1200
744
520
528
512
600
592
1160
720
824
704
856
800
1688
808
488
1032
1912
336
984
808
800
976
992
1008
856
864
976
1000
976
1024
1232
736
968
1024
1024
1024
912
1104
896
872
656
624
696
688
1032
960
936
1104
920
1064
952
1008
1032
960
992
production/mlinkm/3451540
0
1320
1328
1376
1280
1336
1304
1328
1344
1272
1288
1272
1232
1320
1288
1296
1328
1184
1336
1384
1376
1576
816
1552
1936
880
720
392
408
1376
1312
664
560
712
656
1024
688
1368
776
688
824
1104
888
824
1016
960
1048
992
1048
1008
1112
1648
1488
1400
2104
1032
1064
912
1072
968
960
808
768
848
936
888
1072
832
1048
960
1024
968
800
824
1168
880
888
992
1176
856
952
968
1048
1000
824
760
1056
1136
904
968
888
744
888
1248
704
840
production/mlinkm/3451469
0
1016
1016
1056
968
800
768
888
696
976
1168
872
968
960
1000
1000
912
1144
720
1576
552
832
1144
728
1032
968
960
1112
864
928
984
960
976
984
904
1328
840
976
2032
1040
1104
872
824
592
304
248
288
656
216
448
152
152
232
232
152
168
152
1160
848
728
672
760
728
1008
656
824
744
928
944
952
944
952
960
960
896
952
1392
640
888
896
784
872
816
928
896
832
808
944
776
1232
904
784
480
1952
600
1248
1168
1048
1480
920
1088
1216
1976
760
1056
1128
1776
864
896
1120
1176
1048
832
720
368
192
296
1456
464
352
352
344
384
1784
488
552
648
576
712
616
832
1480
776
1024
632
632
872
888
992
864
824
984
800
952
936
1032
992
1024
968
896
688
896
1240
720
856
888
928
1024
784
672
816
1040
928
968
936
936
952
848
904
488
616
1160
752
768
832
736
896
856
720
984
896
920
992
944
1360
560
888
728
1264
632
1232
864
896
768
512
880
680
488
600
592
392
352
368
352
368
360
360
304
584
672
368
360
560
360
344
336
336
352
344
344
360
312
320
328
320
336
264
production/mlinkm/3451540
production/mlinkm/3451540
production/mlinkm/3451540
0
648
560
784
1576
1992
912
1024
1128
720
1384
1336
1024
1648
1064
680
960
624
1544
1200
936
888
760
production/mlinkm/3451540
production/mlinkm/3451553
0
1752
1472
1440
1464
1384
1520
1424
1416
1464
1400
1344
1288
960
792
872
672
640
504
2048
1104
1368
1464
1440
1448
1416
1336
1312
1192
832
656
592
560
592
664
528
968
1720
1160
1400
1400
1464
1424
1448
1440
1392
1112
712
584
632
496
408
560
800
1168
1704
1208
1400
1456
1464
1464
1416
1432
1192
832
720
744
552
536
536
536
680
2080
1088
1344
1448
1456
1488
1424
1440
1432
1400
1352
1136
872
680
544
656
544
512
1928
1064
1384
1432
1480
1432
1384
1328
1184
592
416
528
488
720
528
464
416
production/mlinkm/3451469
0
960
680
408
288
1544
912
1040
1296
1168
1472
856
1000
432
224
232
360
1184
480
816
960
552
552
544
544
568
1504
376
472
448
440
432
448
376
408
432
440
464
1288
368
1032
712
800
896
704
656
688
616
648
680
728
696
728
688
664
720
800
1672
440
800
672
960
792
888
880
840
1000
1080
1336
848
864
1120
672
912
816
1120
1456
production/mlinkm/3451553
0
2048
1192
production/mlinkm/3451553
0
1872
1312
1344
832
416
424
1840
888
1352
1352
1424
1408
1416
1424
1352
1152
768
1912
752
1224
1384
1480
1472
1376
1408
1416
1136
816
672
608
536
552
544
560
528
2016
864
1280
1440
2264
936
1224
2232
976
1440
1464
1368
1440
1472
1344
1384
1440
1472
2352
912
1304
1424
1392
1408
1336
1264
1384
1008
640
544
528
544
520
344
664
552
904
1760
1160
1392
1440
1416
1472
1448
1488
1440
1464
1384
1392
1312
576
464
528
592
1552
1240
1256
1336
1464
1456
1448
1432
1432
1384
1160
872
736
672
744
1032
896
production/mlinkm/3451650
0
1368
456
432
400
824
272
248
352
296
488
312
304
272
224
280
280
280
392
1312
744
224
240
256
264
280
400
296
296
688
1968
192
776
2520
336
256
256
1512
416
280
376
424
312
312
248
272
288
288
288
400
328
288
288
312
304
1032
1120
256
368
296
304
288
320
304
312
272
400
296
312
312
288
272
288
288
1552
544
256
320
240
264
496
408
280
264
232
752
1160
328
248
288
280
296
264
240
280
304
344
288
312
280
224
240
232
264
1480
712
400
328
304
224
256
264
240
256
448
304
1880
320
296
304
288
392
360
376
320
240
248
256
248
304
344
352
352
920
1088
296
280
408
312
304
352
336
296
856
1800
2040
1584
1320
1128
112
96
104
936
160
2680
496
352
280
296
384
256
264
280
280
288
280
264
272
272
280
904
1088
280
288
288
288
256
280
312
272
280
288
288
272
232
280
312
336
280
1648
560
288
264
272
296
304
376
248
232
240
224
1848
224
208
296
368
320
280
304
280
264
280
288
280
384
320
256
280
280
912
1072
224
280
296
344
280
280
296
264
224
312
272
312
360
296
296
288
272
1328
704
288
288
336
312
288
280
288
248
248
272
264
312
368
296
280
232
256
1360
528
280
376
368
264
224
232
232
232
264
264
1720
512
368
272
296
280
272
288
280
296
304
344
296
272
288
1888
936
1416
1608
1560
616
328
280
248
248
232
232
224
216
296
312
272
272
280
288
288
296
272
1648
360
288
312
256
280
288
288
296
288
312
280
272
296
280
288
288
256
224
1864
344
288
288
296
312
264
272
280
312
376
296
280
280
288
288
296
256
720
1312
312
288
280
320
272
280
272
288
304
368
312
1896
264
288
288
336
280
272
352
320
288
296
280
272
296
416
288
328
344
280
1536
680
304
272
280
280
280
336
352
288
272
288
1632
320
280
248
248
328
240
224
232
232
296
272
280
296
304
288
2240
160
1296
1632
328
240
240
328
224
240
256
272
280
280
280
288
328
280
232
216
296
1320
712
288
304
304
304
240
208
280
272
272
288
288
320
320
232
240
264
272
1656
432
280
288
352
328
272
288
280
288
240
256
1536
456
368
264
312
248
256
264
272
280
304
368
328
208
256
216
280
264
280
1672
512
312
280
272
280
304
264
288
272
360
776
1304
264
256
216
232
240
216
304
256
248
224
232
224
280
272
288
344
352
1504
608
280
288
280
288
264
224
336
248
224
224
280
272
280
280
272
352
272
1512
400
240
216
248
240
224
344
336
264
288
288
296
256
216
256
344
776
1192
288
288
312
256
280
304
360
344
288
264
304
264
288
304
256
272
304
1120
728
280
288
288
304
240
264
320
216
304
880
1136
272
288
272
248
368
272
280
288
312
256
232
280
304
368
280
280
288
1288
680
280
280
312
360
304
264
224
232
248
1392
528
304
344
288
296
312
232
272
272
272
336
376
280
256
240
272
272
1048
960
336
360
224
248
208
288
272
272
280
312
952
1160
272
280
288
288
264
240
280
344
328
272
288
288
280
296
288
280
320
984
1088
256
288
280
280
264
248
288
352
296
288
288
288
240
248
272
272
352
1216
736
320
280
272
288
280
288
280
328
240
224
232
224
248
224
272
312
344
1672
472
280
280
224
248
216
240
312
280
296
264
280
280
296
232
224
296
912
1056
272
272
288
288
280
304
312
352
288
288
288
296
256
224
304
272
344
360
1648
464
232
272
272
272
280
280
384
280
224
216
248
production/mlinkm/3451553
0
2712
760
1216
1320
1272
1528
808
864
1864
1120
1352
1456
1480
1456
1464
1480
1448
1688
1536
1304
1456
1384
1456
1456
1456
1456
1424
1440
1440
1392
1296
1192
832
632
472
1944
944
1256
1408
1480
1472
1368
1448
1408
1408
1328
1224
1088
576
1944
904
1648
1312
1304
1440
1472
1008
2056
864
1208
1408
1440
1384
1424
1432
1456
1344
1384
2600
712
1400
1904
1056
1424
1304
936
296
2048
832
1272
1432
1384
1424
1472
1480
1448
1464
1312
1776
1120
1408
1432
1456
1472
1464
1472
1488
1464
1424
1464
1448
1496
1432
1432
1496
1472
1688
1352
1392
1472
1464
1480
1416
1512
1408
1424
1624
1584
1728
1656
1568
1360
1320
1312
2112
968
1328
1448
1480
1456
1480
1408
1512
1432
1472
1440
1448
1464
1456
1432
1416
1288
2056
928
1336
1440
1448
1464
1456
1448
1456
1464
1432
1400
1320
1136
856
768
616
552
1968
864
1288
1376
1424
1400
1696
1432
1408
1216
1016
752
680
584
544
536
488
456
2184
896
1304
1400
1440
1472
1488
1400
1424
1440
1416
1296
1248
656
0
624
1688
2856
992
24
production/mlinkm/3451468
0
464
304
280
544
280
488
128
488
496
720
560
712
280
136
688
448
768
232
648
232
624
408
184
576
112
128
344
184
192
176
280
440
520
240
224
456
344
112
496
400
552
360
392
400
480
320
480
440
648
376
320
352
216
272
192
216
264
208
296
224
208
256
224
648
432
216
352
368
368
480
448
304
352
184
232
168
248
192
144
232
264
168
1264
576
496
504
440
496
296
240
320
224
256
production/mlinkm/3451609
0
920
216
216
224
704
1656
1832
1072
872
336
208
168
768
1256
1440
1432
1488
1440
1136
1144
1472
1424
1456
1448
1232
1432
440
528
1664
856
192
160
2040
784
1248
1328
1312
984
400
400
424
688
336
216
184
208
1032
880
656
424
664
960
720
952
712
616
512
424
1008
824
800
808
880
840
864
1000
944
1024
376
864
512
552
720
720
776
1000
472
568
648
672
376
624
728
760
824
912
888
776
832
816
784
992
792
832
888
928
1048
872
768
320
280
288
312
296
872
896
920
896
880
776
production/mlinkm/3451469
0
920
640
272
296
384
264
256
288
328
1792
864
944
760
536
464
496
448
1104
1112
1648
664
784
1176
1032
872
656
464
448
456
440
440
448
456
488
536
1168
1240
464
432
232
232
464
440
456
440
424
360
352
352
344
352
360
360
408
1936
448
408
424
328
440
240
280
304
264
336
320
248
1688
600
208
1720
760
1584
1288
1240
1384
1128
1008
608
264
280
264
272
296
304
296
304
312
320
1240
328
232
232
240
240
240
240
240
224
232
248
224
240
232
224
240
608
production/mlinkm/3451468
0
792
408
208
712
480
352
384
136
368
328
216
368
256
304
312
288
296
312
272
248
624
208
280
352
224
248
424
1264
1160
32
872
392
408
376
328
408
640
776
696
528
408
440
1184
664
272
368
192
440
360
264
112
448
360
784
2112
24
656
352
376
192
216
304
240
360
224
288
320
176
488
784
456
656
392
384
232
328
184
192
160
104
288
184
224
216
232
224
232
192
432
704
344
328
312
248
192
152
312
216
376
368
304
328
352
360
336
728
984
400
384
288
296
272
288
304
304
328
352
480
344
320
312
320
352
312
1032
512
440
568
584
832
720
528
632
344
288
312
392
296
280
288
304
344
336
936
632
440
400
304
328
296
320
304
328
288
336
304
1040
832
944
432
768
1248
1056
640
520
384
960
520
376
488
288
384
320
336
304
304
336
368
680
912
672
400
352
384
360
336
304
408
456
360
376
368
352
664
912
720
472
304
1152
704
448
744
832
312
304
288
320
272
512
992
720
352
344
352
376
1288
640
728
520
520
312
288
320
296
320
296
280
320
320
280
296
320
320
344
336
1032
488
320
288
312
256
328
272
328
264
320
312
296
224
344
304
296
224
408
888
840
1272
320
1064
352
264
312
480
336
328
328
312
296
280
264
48
1760
368
272
280
304
264
368
312
344
488
368
344
376
344
312
256
680
1040
848
800
400
48
1528
248
240
256
824
688
344
288
272
304
440
856
608
520
400
304
496
256
264
296
288
264
312
288
320
288
272
288
312
296
960
544
344
328
368
320
328
352
544
336
344
464
336
320
328
312
352
320
840
208
672
488
208
352
312
312
296
312
400
304
304
264
200
200
232
736
584
464
304
272
336
96
584
416
736
464
216
440
640
320
248
232
472
968
472
328
304
320
880
744
696
744
360
440
296
344
560
688
536
584
704
1120
696
456
336
336
344
160
488
240
240
296
80
1096
1192
536
392
120
1720
352
1336
32
856
504
320
328
296
360
304
288
328
392
360
344
368
328
320
288
328
296
984
608
328
424
376
344
344
320
952
704
896
728
552
808
472
80
1560
328
1040
512
712
336
352
320
352
320
320
352
296
224
248
264
production/mlinkm/3451609
0
1016
1024
952
824
936
864
928
904
1000
896
1032
328
840
1992
1248
984
848
368
872
1728
production/mlinkm/3451553
0
2680
1320
1456
1456
1416
1456
1416
1392
1328
1008
640
584
552
576
704
536
504
1952
904
1336
1416
1328
1392
1472
1448
1440
1408
1224
952
888
544
544
624
504
544
880
1696
1176
1424
1424
1496
1448
1440
1472
1400
1144
936
688
600
592
696
560
536
928
1704
1144
1392
1400
1536
1448
1456
1424
1464
1448
1432
1440
1392
1304
1264
1048
696
896
1760
1192
1400
1448
1480
1448
1456
1424
1424
1424
1424
1432
1360
1216
1224
944
560
880
1832
1128
1360
1464
1464
1472
1416
1408
1416
1240
896
712
704
632
840
768
1128
1400
1232
1400
1032
832
1504
1264
1456
1456
1440
1360
1416
1472
1256
920
784
1256
1024
592
2200
1024
1352
1440
1448
1472
1456
1424
1432
1400
1280
1064
816
624
592
480
456
424
2128
1096
1376
1456
1496
1456
1464
1448
1416
1400
1320
1240
928
688
544
536
536
552
2112
1096
1360
1456
1472
1448
1464
1456
1416
1312
1144
824
688
568
552
544
528
952
1704
1192
1416
1456
1464
1456
1440
1424
1368
1320
848
472
512
472
440
488
464
2072
1032
1368
1368
1368
1400
1464
1456
1432
1440
1336
944
760
680
688
632
528
2048
792
1256
1368
1480
1456
1480
1416
1440
1368
1240
816
544
544
552
560
448
472
2216
680
1256
1432
1456
1472
1440
1456
1424
1408
1400
1280
744
472
576
520
536
536
944
1728
1216
1360
1408
1456
1392
1344
1352
1032
736
680
584
504
536
528
536
552
928
1760
1128
1360
1456
1432
1504
1472
1480
1432
1432
1328
1144
1120
696
512
424
448
488
2208
984
1312
1432
1416
1456
1472
1456
1472
1448
1400
1400
1328
1552
1320
1368
1600
1248
1776
1176
528
584
352
368
536
328
376
376
176
800
1336
1248
1416
1456
1544
production/mlinkm/3451540
0
1504
1184
648
792
800
872
824
744
832
1040
912
800
888
920
928
1456
1712
1912
1312
656
736
824
1000
904
752
824
688
856
672
1168
784
792
928
912
848
944
976
904
672
648
800
920
840
816
848
800
1072
936
912
704
824
736
640
920
816
1344
728
784
648
424
856
1080
816
1024
920
1000
976
904
792
800
776
776
792
776
1880
480
768
968
936
952
936
960
1048
1104
1152
1232
1120
1592
1952
1312
1360
2224
800
952
1008
1256
1280
1352
1304
1304
1184
1192
1320
1296
1240
1296
1352
1304
1336
1288
1328
production/mlinkm/3451469
0
1072
256
1624
880
1120
1256
1424
1440
1456
1448
1408
1808
584
1728
680
712
280
1312
264
240
240
1208
1296
1120
664
1520
880
1024
1488
1296
1448
1464
1488
1272
1576
1328
1408
1496
1384
1320
1536
1376
1480
1328
880
536
640
352
176
320
1288
352
304
1200
744
520
528
512
600
592
1160
720
824
704
856
800
1688
808
488
1032
1912
336
984
808
800
976
992
1008
856
864
976
1000
976
1024
1232
736
968
1024
1024
1024
912
1104
896
872
656
624
696
688
1032
960
936
1104
920
1064
952
1008
1032
960
992
production/mlinkm/3451540
0
1320
1328
1376
1280
1336
1304
1328
1344
1272
1288
1272
1232
1320
1288
1296
1328
1184
1336
1384
1376
1576
816
1552
1936
880
720
392
408
1376
1312
664
560
712
656
1024
688
1368
776
688
824
1104
888
824
1016
960
1048
992
1048
1008
1112
1648
1488
1400
2104
1032
1064
912
1072
968
960
808
768
848
936
888
1072
832
1048
960
1024
968
800
824
1168
880
888
992
1176
856
952
968
1048
1000
824
760
1056
1136
904
968
888
744
888
1248
704
840
production/mlinkm/3451469
0
1016
1016
1056
968
800
768
888
696
976
1168
872
968
960
1000
1000
912
1144
720
1576
552
832
1144
728
1032
968
960
1112
864
928
984
960
976
984
904
1328
840
976
2032
1040
1104
872
824
592
304
248
288
656
216
448
152
152
232
232
152
168
152
1160
848
728
672
760
728
1008
656
824
744
928
944
952
944
952
960
960
896
952
1392
640
888
896
784
872
816
928
896
832
808
944
776
1232
904
784
480
1952
600
1248
1168
1048
1480
920
1088
1216
1976
760
1056
1128
1776
864
896
1120
1176
1048
832
720
368
192
296
1456
464
352
352
344
384
1784
488
552
648
576
712
616
832
1480
776
1024
632
632
872
888
992
864
824
984
800
952
936
1032
992
1024
968
896
688
896
1240
720
856
888
928
1024
784
672
816
1040
928
968
936
936
952
848
904
488
616
1160
752
768
832
736
896
856
720
984
896
920
992
944
1360
560
888
728
1264
632
1232
864
896
768
512
880
680
488
600
592
392
352
368
352
368
360
360
304
584
672
368
360
560
360
344
336
336
352
344
344
360
312
320
328
320
336
264
production/mlinkm/3451540
production/mlinkm/3451540
production/mlinkm/3451540
0
648
560
784
1576
1992
912
1024
1128
720
1384
1336
1024
1648
1064
680
960
624
1544
1200
936
888
760
production/mlinkm/3451540
production/mlinkm/3451553
0
1752
1472
1440
1464
1384
1520
1424
1416
1464
1400
1344
1288
960
792
872
672
640
504
2048
1104
1368
1464
1440
1448
1416
1336
1312
1192
832
656
592
560
592
664
528
968
1720
1160
1400
1400
1464
1424
1448
1440
1392
1112
712
584
632
496
408
560
800
1168
1704
1208
1400
1456
1464
1464
1416
1432
1192
832
720
744
552
536
536
536
680
2080
1088
1344
1448
1456
1488
1424
1440
1432
1400
1352
1136
872
680
544
656
544
512
1928
1064
1384
1432
1480
1432
1384
1328
1184
592
416
528
488
720
528
464
416
production/mlinkm/3451469
0
960
680
408
288
1544
912
1040
1296
1168
1472
856
1000
432
224
232
360
1184
480
816
960
552
552
544
544
568
1504
376
472
448
440
432
448
376
408
432
440
464
1288
368
1032
712
800
896
704
656
688
616
648
680
728
696
728
688
664
720
800
1672
440
800
672
960
792
888
880
840
1000
1080
1336
848
864
1120
672
912
816
1120
1456
production/mlinkm/3451553
0
2048
1192
