production/mlinkm/3451445
production/mlinkm/3451546
0
136
168
120
88
80
112
1064
736
784
928
976
992
1040
960
1008
664
1288
928
1088
1104
808
880
1376
1040
904
1024
920
1104
992
1040
984
1000
1160
896
984
984
960
1144
1000
968
1032
1016
1048
960
1000
976
1000
1088
992
960
1008
1000
1008
1008
976
960
1432
736
936
960
1064
992
1040
1024
960
1024
976
1008
1000
984
1048
976
1032
984
952
1128
952
1032
1080
968
1064
984
768
1272
872
1128
928
1072
976
1048
928
1008
992
1216
888
992
1032
992
984
1040
1016
968
1000
1096
976
960
1016
1000
968
968
1120
992
production/mlinkm/3451445
production/mlinkm/3451445
production/mlinkm/3451526
0
792
1376
920
1368
496
944
696
640
1624
856
864
1032
800
264
264
264
304
256
544
264
272
1304
896
512
240
256
376
728
224
288
144
1432
976
648
696
1368
760
1056
1200
16
1704
1080
912
752
280
296
280
288
288
312
288
256
1600
792
744
856
216
616
584
224
248
184
568
1248
912
1008
768
1104
1248
920
1008
912
1152
1344
1616
688
672
304
280
288
256
312
288
296
296
1680
816
288
320
408
696
208
432
152
1472
512
2224
744
1720
720
824
1688
1448
1032
840
792
296
264
280
296
272
600
264
584
1344
832
640
568
776
664
688
688
760
640
720
640
832
640
856
792
1400
600
592
656
816
736
768
736
728
856
568
880
632
1368
288
608
1088
688
160
1048
400
1456
1256
960
176
136
144
160
144
176
208
168
1208
968
280
192
184
1408
680
176
160
176
160
192
776
1152
920
880
288
1232
936
1152
656
1016
400
1384
728
160
216
240
280
224
552
408
640
248
192
328
832
1848
1904
1064
1944
976
792
488
392
296
280
392
296
208
1600
904
728
672
448
400
576
624
216
200
376
312
480
488
1400
1208
2144
936
648
776
1016
1256
1520
1216
1032
816
424
336
296
616
312
312
272
288
840
1240
784
456
224
520
688
160
216
184
328
1128
2912
536
2048
1008
920
1960
656
1568
832
2160
984
1392
1168
2032
1232
1720
1992
960
976
728
464
664
288
288
264
296
240
280
936
1224
712
712
456
248
600
624
224
200
200
312
1256
984
1608
2160
472
1160
856
912
816
840
968
1192
1640
1456
1448
920
832
1720
1488
2120
1312
1392
728
440
328
256
248
304
272
296
296
952
1128
784
592
256
464
416
624
200
176
144
392
1024
712
968
1384
1008
1136
1096
1352
1784
1120
2080
816
1144
1464
936
640
272
272
280
256
320
256
480
1504
440
264
304
352
336
240
336
520
776
200
208
192
416
1232
1840
1056
1272
896
920
928
1840
1104
1032
808
1704
1040
1216
1720
880
728
1440
1088
960
632
312
320
312
288
336
272
320
808
1280
712
1488
416
680
184
168
168
192
176
168
160
184
224
168
160
1408
184
152
128
144
136
968
992
184
144
536
1200
112
112
104
1352
648
192
168
152
160
152
152
160
600
184
136
128
144
128
136
144
128
168
192
136
136
120
144
184
904
264
568
1224
112
1888
552
160
136
104
168
480
640
136
128
624
912
544
1568
160
184
136
152
760
152
168
144
192
152
144
160
160
152
176
160
168
144
144
136
112
152
1240
624
1120
120
112
112
1936
200
168
176
168
152
112
152
208
216
152
128
536
408
864
432
184
1184
224
152
184
152
160
160
1408
216
1320
120
160
1656
168
208
200
168
160
160
192
152
152
144
160
144
144
664
160
1360
336
160
144
152
168
136
152
144
128
136
128
136
144
144
592
160
160
136
136
136
112
136
128
160
1216
224
176
160
144
688
152
168
160
176
168
168
160
160
168
184
200
1320
120
544
1408
160
152
776
136
152
152
160
136
152
160
168
152
144
160
168
176
176
136
144
176
736
160
160
184
1216
184
160
144
1432
672
480
1792
152
152
744
488
1424
1384
696
1040
920
192
144
160
152
160
624
160
872
720
992
production/mlinkm/3451546
0
1048
984
984
1008
1008
1048
968
976
768
1320
1048
992
952
1112
960
1016
944
1112
1064
1104
912
928
1024
992
992
1064
1024
984
1016
1000
968
1096
976
984
1024
1000
1000
1120
920
968
1016
1000
960
1056
736
1152
1248
936
984
936
1152
920
1000
976
1032
984
944
1016
984
976
984
960
992
1104
976
936
1072
952
992
1136
952
984
1056
984
960
952
1088
1016
952
928
992
840
928
1168
1040
992
960
1320
816
888
976
992
1000
984
1000
1024
1016
1040
896
992
1112
1016
968
1032
968
1024
1216
864
936
1000
1008
944
1000
1024
976
1032
968
952
1024
848
1208
1032
1000
960
1016
1096
936
1040
968
1024
936
1024
912
1152
912
920
production/mlinkm/3451546
0
1144
976
1008
1016
992
1088
960
984
1000
952
1008
1000
944
1112
984
1040
976
1000
1104
944
912
1064
1064
984
1056
952
1000
1000
944
928
984
976
696
1400
1200
1016
960
1232
880
936
992
936
1064
1000
1032
976
992
960
992
1104
1016
968
1032
968
1016
1216
864
936
1000
1008
944
1000
1024
976
1032
968
960
1024
848
1200
1040
1000
960
1008
1096
936
1032
968
1016
936
1016
912
1160
912
920
production/mlinkm/3451546
0
1112
1200
1488
2208
424
976
1336
1616
576
1040
760
2704
560
632
1384
712
632
776
1808
928
752
520
56
552
304
5192
2072
320
360
480
624
2432
528
448
736
1240
1040
640
1600
1192
400
696
1816
624
712
2280
448
592
624
1920
384
760
608
2208
600
616
1632
576
1120
696
1608
960
472
632
1872
712
672
1224
1456
608
1048
1088
1880
504
1064
1496
560
616
760
2096
456
664
872
2192
440
520
792
2128
416
992
1696
792
536
568
1792
504
688
1176
1880
1344
392
504
1544
496
1016
1056
1048
840
928
2016
424
880
864
2248
440
624
856
1480
632
1120
896
1624
848
904
896
1544
496
632
1568
840
664
1192
2720
304
432
552
1672
480
744
824
1688
664
1064
2056
344
512
1136
2280
488
864
704
1120
872
992
528
2584
376
576
880
1680
656
832
1200
744
840
976
2368
400
656
448
2112
776
1120
736
784
776
920
952
1904
792
832
1488
1328
504
776
2360
296
424
712
2944
464
312
376
976
1104
864
1256
1336
416
736
904
848
816
704
1160
1336
1232
1168
1448
808
952
896
1640
1448
1440
1456
1352
984
632
536
432
520
432
504
1384
1296
1368
1232
672
488
568
584
736
1512
1248
1368
1336
952
1224
1656
1512
1088
1616
1368
1448
1400
1152
496
480
512
480
520
560
536
544
536
448
296
440
416
416
552
488
256
264
344
248
152
1152
616
784
888
1560
192
1936
464
360
1016
1688
400
992
888
1136
880
production/mlinkm/3451546
0
1096
1200
1480
2184
408
976
1336
1616
576
1040
760
2272
448
640
1376
704
624
768
1808
1080
384
2064
968
432
464
768
1600
1312
552
1456
824
720
2640
288
536
696
1784
560
632
1136
888
768
736
1776
1184
392
696
1808
616
712
2312
416
592
624
1920
384
760
600
2208
600
624
1640
568
1120
696
1608
960
472
632
1864
712
672
1232
1456
608
1048
1120
1840
496
1064
1496
560
624
760
2104
448
664
872
2192
440
520
792
2128
416
992
1992
440
536
568
1792
496
688
1184
1880
1352
384
504
1544
496
1024
1040
1056
848
928
2016
424
872
864
2248
440
624
848
1472
632
1112
896
1616
848
896
1752
584
496
632
1576
840
656
1192
2720
304
424
560
1680
480
736
824
1696
664
1064
2056
344
512
1136
2264
488
864
712
1224
864
944
536
2584
384
576
880
1680
656
832
1216
728
848
968
2368
400
656
448
1992
776
1120
736
776
784
920
952
1896
784
832
1808
992
512
776
2360
296
424
872
2952
472
312
376
976
1104
864
1328
1248
408
736
896
848
808
712
1152
1328
1232
1168
1456
808
960
1128
1368
1448
1440
1456
1352
984
632
528
424
520
448
504
1384
1296
1368
1224
680
480
480
496
736
1512
1248
1376
1336
952
1216
1648
1512
1304
2080
1376
1448
1400
1152
488
480
512
488
520
544
536
544
536
448
712
616
528
352
200
248
264
264
352
256
152
1192
576
792
896
1552
192
2072
352
368
1016
1696
408
992
888
1136
888
920
1000
1088
944
960
1008
1016
952
904
872
1040
952
952
1248
816
848
912
632
production/mlinkm/3451643
0
848
184
184
976
368
208
904
552
176
168
680
464
200
208
936
1032
264
184
192
936
216
256
248
952
432
248
1048
512
216
216
712
992
424
192
1016
160
176
584
632
216
216
936
416
152
552
672
224
216
728
504
248
320
976
272
240
600
512
264
224
production/mlinkm/3451563
0
1952
1120
1272
1208
2824
1256
496
696
792
752
264
672
1920
2992
432
1152
2192
224
1256
304
472
576
1032
1072
888
1112
968
712
968
1008
1040
1144
976
952
1160
856
1360
1216
1160
704
808
1488
496
1208
3624
264
352
2712
288
784
424
480
784
784
1192
1200
1136
2304
376
480
2208
976
368
624
776
2600
1120
512
1120
656
1000
1624
112
1296
600
2880
2032
1952
592
416
5448
5040
512
472
616
936
1168
1728
1368
1856
2800
680
312
632
352
312
472
production/mlinkm/3451340
0
1336
1400
1360
1056
1992
1320
1384
832
472
352
704
736
432
288
1176
952
888
952
1352
944
984
984
1040
1016
1040
1016
1008
1008
984
1016
976
1008
1024
1024
928
1032
1312
872
912
1016
1000
1008
1032
1008
1016
960
1008
1024
1008
984
1024
992
952
1072
1072
1272
800
952
936
1056
1008
1024
960
1040
1064
1040
1008
976
1024
944
1000
984
1072
992
1408
640
992
1024
984
1024
1288
952
824
944
1016
968
968
928
1112
976
1056
1648
1296
1728
864
568
392
1136
576
912
816
840
1080
1000
1000
1016
976
1048
1056
968
1072
936
1216
888
1152
880
1048
952
1056
1000
984
1040
960
1016
992
1024
1032
1056
992
992
1296
864
928
984
1000
1000
1016
992
1000
1008
1024
1000
1016
1008
1032
1008
1008
696
1320
1320
800
976
1016
1016
928
1056
1016
1040
976
944
1048
1048
960
992
976
472
488
456
1272
712
912
984
1000
1016
984
920
1032
992
1472
1272
1320
680
408
1048
824
824
832
1048
864
936
968
1024
968
1048
1024
976
976
1048
1040
1048
968
1080
1032
952
936
1480
776
936
984
936
1064
1040
1024
1024
1008
1008
976
984
1080
992
1024
1024
992
976
1360
784
976
992
976
1080
1008
992
1064
768
1160
1040
1024
1112
952
960
968
1040
992
1216
880
952
1128
1008
1008
1112
960
984
1008
968
1032
1032
1016
1048
1008
1016
952
1032
1312
848
960
968
1048
360
184
3376
2152
80
824
952
1104
648
112
5120
592
64
864
912
1016
1008
1000
880
1112
952
1040
992
1072
976
920
1112
984
984
1048
1000
1264
856
952
1000
1000
1048
872
1152
960
1040
1032
976
984
952
1040
1008
1008
1024
920
1344
864
992
1008
760
1216
1016
1112
912
1024
1016
1008
984
1032
1040
968
1008
984
1008
1216
984
896
952
1000
1016
992
1016
1000
1000
1032
1416
1032
1320
888
768
1336
560
816
1120
904
1424
704
928
1008
1024
1008
968
888
1184
1008
1032
1032
992
968
1064
992
1368
800
944
896
1112
992
1000
1000
1048
1016
992
1072
1040
1048
1000
1016
952
1032
976
1392
784
928
1032
1008
984
984
1032
984
1056
1016
1000
1016
1016
1048
1000
984
1024
1000
1248
864
968
1008
1000
1000
1056
1040
936
1064
992
1040
976
816
1168
1032
992
1008
1024
1184
824
1112
1000
992
1056
1000
1000
1056
976
1000
1064
992
888
1032
1040
976
944
1392
816
952
984
968
1080
1016
904
1152
968
984
1016
1008
984
984
1056
1000
1016
984
1264
864
984
968
1032
1024
984
1016
1032
1000
1016
1008
1080
992
1016
1024
984
1016
1008
1240
864
960
1344
824
832
1104
1040
984
984
1008
984
1008
1032
992
1032
1016
920
1032
1016
1008
1000
1280
840
952
1008
984
1024
984
944
1104
992
968
1048
1008
1008
1024
1008
992
1016
1024
1216
904
952
1032
944
1088
984
944
1104
1032
1008
1008
1024
960
1040
production/mlinkm/3451471
0
1008
968
920
944
944
1040
952
976
984
872
968
920
992
1072
1216
1560
936
992
1048
800
968
992
960
1000
944
880
944
944
896
1040
856
904
992
936
920
1032
944
1192
792
952
888
976
952
856
1000
1008
936
1016
944
944
1144
832
944
952
944
976
1168
1016
720
720
1544
1072
208
1816
432
248
1520
1240
1072
1552
1344
960
536
752
456
288
880
624
488
1120
976
872
848
928
736
752
1240
680
912
984
1048
976
920
1408
736
872
992
1016
960
1008
976
1000
992
1016
1128
664
760
512
416
480
1448
928
production/mlinkm/3451646
production/mlinkm/3451646
0
2136
752
736
632
1160
976
1464
800
2256
1616
896
720
840
1104
1608
2408
1536
2160
2264
1432
2696
2888
1680
1464
1336
24
808
896
1064
488
760
456
600
480
1472
1008
384
480
2008
376
1184
872
1400
1488
1424
40
production/mlinkm/3451225
0
1544
704
1000
616
704
904
768
776
784
808
928
760
832
1208
848
880
904
1024
1352
704
920
744
880
704
752
680
696
720
688
648
648
688
680
712
752
736
904
1248
608
920
664
976
784
808
712
512
680
768
800
776
848
792
904
984
984
920
1328
648
872
784
872
656
712
712
640
664
752
704
672
680
608
784
680
920
480
1352
544
824
888
752
544
456
544
640
504
480
480
480
1128
712
992
768
824
776
1256
656
792
888
744
528
512
504
496
504
472
512
520
504
488
520
504
712
888
production/mlinkm/3450793
0
1072
568
560
656
552
552
496
488
640
592
544
552
560
552
760
752
744
736
1472
728
552
552
552
728
472
496
488
896
520
1976
1504
1400
1856
1760
736
480
440
552
0
272
1008
888
2280
816
960
568
624
656
552
536
528
528
544
656
536
544
528
520
1440
544
648
520
544
504
560
544
640
712
656
312
1304
520
1760
552
544
920
944
544
544
616
472
480
496
488
704
712
2240
824
1304
1208
1544
848
production/mlinkm/3451367
0
1024
1088
944
1016
960
1000
1016
992
1064
1000
1008
920
1024
1008
976
1072
976
984
1112
904
984
1088
1008
920
1016
1016
976
1104
960
1008
1176
1032
936
1056
1392
728
936
1064
1064
896
1000
1008
1216
792
1024
976
1056
968
984
1000
1048
1000
1120
856
1248
1216
1488
1360
1344
1336
1408
1552
1264
1512
1256
1248
1360
1016
1064
1712
1072
1472
1248
1496
1512
1504
1472
1480
1456
1344
1480
1448
1344
1528
1224
1504
1272
1384
1344
1400
1312
1440
1904
1504
1304
1208
1384
1408
1256
1376
1304
1408
1344
1376
1520
1272
1312
1376
1504
1216
1280
1456
production/mlinkm/3451471
0
1440
1280
1720
848
1440
1392
976
1280
1192
584
440
1448
1152
1288
1472
1144
752
1672
1096
1296
1440
1336
1256
1040
792
512
192
1000
544
1368
616
1008
952
880
976
960
1312
728
912
904
1288
728
928
672
1288
664
896
1160
856
976
744
1264
760
896
776
1416
720
840
944
904
832
888
840
792
1032
800
968
904
1032
920
1216
696
1040
816
1128
808
1064
808
976
992
904
848
936
1120
768
976
976
1064
848
856
1008
872
928
1312
712
944
968
848
1056
880
872
1168
768
928
1024
1096
856
912
936
1128
744
944
1312
760
872
968
1104
800
944
1040
1016
880
912
872
936
952
520
1344
720
1472
1072
1440
1104
704
520
1344
1272
1352
1496
1224
1072
904
600
256
216
320
1032
1056
672
1008
896
840
928
936
944
856
784
760
1208
824
848
1112
704
896
1200
800
912
1360
752
808
912
776
888
848
912
976
928
848
888
976
1272
624
992
888
888
984
1312
792
824
1000
864
1128
880
1032
912
896
976
880
880
984
920
936
952
1040
880
984
944
968
888
928
1600
936
1192
1288
1272
1240
1096
1080
1168
1232
1576
776
1520
1384
1328
1184
1600
1352
1056
1408
1560
1000
760
1624
1376
928
1352
840
1376
744
1736
1200
920
536
616
608
240
192
272
704
1128
896
944
864
960
936
880
824
872
1224
768
872
928
752
752
704
696
1336
592
904
896
816
792
808
864
760
744
720
1064
848
824
840
808
792
784
768
760
760
776
816
752
840
816
1040
832
784
816
1088
848
816
768
816
808
760
848
808
768
768
752
744
752
992
712
776
976
832
1200
792
928
856
1632
744
1168
1352
1312
1360
1600
928
1328
1200
1768
680
1592
1024
1272
1528
1208
1296
1264
1136
1200
1272
1224
1208
1128
1144
1224
1120
1280
1080
1152
1192
1088
1504
1232
1248
1320
632
360
192
216
312
880
1016
944
840
872
904
960
808
736
728
976
848
840
752
760
768
736
752
768
784
808
776
816
784
816
784
808
792
816
1048
832
872
832
760
1200
672
888
832
784
768
1136
792
880
824
1120
928
688
744
1568
368
824
888
816
824
792
832
816
816
784
744
824
784
824
832
768
848
1216
864
808
856
952
808
1000
848
1088
712
848
832
800
728
752
776
1488
808
1176
1336
1456
1216
1304
640
2384
1184
1152
1632
1200
1152
792
528
1552
736
1088
1392
776
968
608
192
production/mlinkm/3451646
0
1896
848
448
456
560
432
1376
1240
1560
1424
1456
1432
1472
1296
1048
600
952
280
248
0
336
488
312
656
528
776
592
472
664
632
640
0
528
1496
1336
1480
1440
1376
1472
1376
1456
1456
1432
1360
520
1520
1464
1272
824
480
488
1280
1416
936
1248
520
1392
640
352
856
808
1000
1616
992
568
56
1152
568
536
552
544
624
568
448
464
520
512
520
496
496
472
504
496
760
1080
464
480
696
592
208
232
312
656
664
1408
752
760
600
168
160
160
144
568
552
1208
560
504
472
904
1056
544
472
472
480
528
520
512
672
480
1272
872
1320
464
496
1112
784
1480
584
536
production/mlinkm/3451546
production/mlinkm/3451225
0
1376
896
824
904
664
696
672
688
696
720
688
688
680
680
688
736
864
832
1352
728
584
840
856
688
488
944
904
888
864
840
1024
816
1000
800
848
864
824
1384
672
600
832
856
560
544
504
448
592
800
680
768
896
952
920
768
728
736
1312
720
728
984
856
800
648
696
952
928
728
680
840
776
808
872
568
784
824
1408
568
824
808
832
776
448
456
728
864
632
512
896
552
656
456
1256
744
880
1248
880
880
864
840
856
864
1256
664
848
944
1600
760
816
1448
904
1224
904
1328
512
504
488
480
504
488
496
480
488
496
496
512
464
488
496
488
520
1280
504
496
488
496
488
456
456
472
640
576
1320
976
464
456
680
456
1216
1000
464
production/mlinkm/3451546
production/mlinkm/3450793
0
1144
800
1336
872
600
528
536
624
536
536
528
544
760
800
784
728
760
1504
640
560
552
616
1600
968
1448
1264
1712
808
840
504
512
480
512
560
544
1368
584
552
512
568
544
680
688
800
616
800
744
560
792
744
544
496
520
1376
592
552
544
616
576
528
528
528
616
488
472
496
592
512
712
560
2016
888
1432
1632
912
1664
1136
960
776
752
728
600
544
536
552
560
656
544
568
1272
568
544
608
688
520
528
544
560
648
552
560
560
584
752
768
768
720
1416
784
752
800
736
728
696
648
544
552
552
528
704
496
496
488
488
976
928
496
504
576
560
616
472
496
488
528
664
736
736
736
736
760
720
544
1336
568
568
752
560
552
712
544
680
616
544
560
552
552
792
744
696
1080
1104
616
536
488
560
536
552
640
560
488
488
512
744
680
608
632
640
1440
568
768
560
536
608
744
688
680
1896
1120
1456
872
536
520
520
688
472
1440
552
560
944
1528
1448
1312
1312
1296
1512
952
1736
904
728
448
544
368
448
1312
416
512
472
360
344
1400
1024
520
496
496
568
608
512
488
504
480
912
1088
544
1880
1208
1208
1352
1256
1152
1072
1816
848
848
376
384
1608
936
632
568
1480
648
552
592
696
560
2080
1360
1272
1368
1392
1216
1392
1096
1688
1320
896
864
920
1944
616
568
528
536
544
536
696
696
592
680
656
648
488
472
504
472
1376
592
520
544
504
488
640
480
504
472
488
648
608
536
544
536
544
648
1312
568
632
568
664
560
496
496
1768
1000
1384
1176
1680
800
752
408
production/mlinkm/3451546
production/mlinkm/3451367
0
1368
1200
1376
1392
1472
1264
1592
1072
1264
528
2056
888
1192
1192
496
376
360
376
600
232
144
904
1080
816
712
304
1088
896
1008
1112
912
1024
936
1176
872
1056
968
1184
888
968
1048
1120
840
1008
952
960
1016
1456
1280
1168
1376
1328
1112
880
1416
1248
1488
1304
1328
1408
1240
896
408
336
368
384
408
712
888
1144
888
672
448
1040
1096
1024
976
976
1000
1040
960
1088
928
960
1080
1152
896
1000
1040
976
1024
976
936
1080
1032
936
1000
1056
1008
928
992
1032
992
904
1128
928
976
992
1016
960
1152
952
968
1128
984
976
1000
1096
920
1056
976
1000
984
984
1152
880
976
1000
976
1096
1840
1200
1496
1432
1408
1368
1296
1352
1496
1496
1400
736
464
360
384
384
512
840
584
848
1320
744
944
1008
960
1008
992
1008
952
1040
928
1048
968
1024
1000
960
1008
968
1000
1304
808
952
1016
1016
1448
1048
568
936
1008
1032
1088
904
992
1040
1360
744
880
504
328
120
16
152
24
160
40
880
688
776
120
production/mlinkm/3451546
production/mlinkm/3451546
production/mlinkm/3451526
production/mlinkm/3451546
production/mlinkm/3451367
production/mlinkm/3451340
production/mlinkm/3451340
0
960
856
1104
1040
984
992
1016
984
992
1040
1000
1040
1016
912
1032
1016
1016
1256
1272
832
936
1000
984
1024
984
944
1096
992
968
1040
1008
1016
1024
1000
992
1008
1024
1200
904
952
1032
944
1072
984
936
1104
1032
1008
1008
1024
960
1040
1016
1152
936
1144
1320
1160
1016
1016
992
984
1016
416
600
464
432
664
512
760
624
912
1008
1312
1344
984
1272
616
1056
792
456
840
480
808
944
680
696
208
504
280
248
816
920
968
784
880
184
1056
1120
production/mlinkm/3451367
production/mlinkm/3451367
production/mlinkm/3451367
production/mlinkm/3451340
0
936
984
952
992
1000
1008
992
992
1008
1008
968
992
1000
1024
984
992
984
1040
1272
824
960
1016
968
1008
1040
1016
1032
888
1048
1032
1008
968
1032
968
1032
1008
1024
1368
776
856
1072
984
1064
1096
976
992
1032
1200
976
992
1024
912
1112
1048
1016
992
1232
808
1016
984
1032
1000
1008
936
1064
production/mlinkm/3451367
production/mlinkm/3450793
0
1120
704
528
680
352
760
528
488
560
528
584
680
544
544
528
368
904
1344
520
512
496
568
728
680
680
1872
1080
1280
1224
1288
1400
1192
1128
2088
640
1832
760
976
744
528
504
520
512
560
568
504
production/mlinkm/3451367
production/mlinkm/3451367
