production/mlinkm/3450597
0
1128
616
640
672
600
568
592
600
632
624
624
640
608
568
648
600
560
568
960
928
632
656
608
632
608
632
624
848
800
984
744
656
768
664
736
848
696
1312
784
688
632
464
672
664
1008
168
936
816
760
696
664
664
792
832
896
896
744
664
920
856
952
960
1000
992
1224
1000
888
680
1016
944
912
1592
856
800
40
976
864
920
848
1032
960
784
800
920
912
968
800
736
696
696
688
864
752
1056
880
1032
864
824
production/mlinkm/3450597
0
1064
960
928
920
976
896
832
776
736
736
736
784
648
632
832
664
952
920
1408
1072
824
832
856
704
816
1000
936
928
808
792
800
800
752
768
760
672
680
1448
528
856
648
1600
464
632
0
1152
1512
512
576
1200
584
672
832
688
720
928
1096
984
936
920
832
960
968
904
784
872
848
920
904
840
792
816
792
776
776
1440
592
640
552
664
824
1048
848
968
928
976
680
736
728
824
912
856
648
712
1408
600
632
616
712
792
1328
760
816
944
976
976
1296
952
1160
1504
1504
1776
1232
production/mlinkm/3450597
0
480
352
1168
752
512
544
520
552
512
536
608
544
616
552
1288
504
544
512
1224
560
536
504
536
512
512
544
472
544
472
464
752
496
512
512
1496
496
592
1520
544
624
672
928
784
680
648
656
616
664
1544
496
production/mlinkm/3451512
0
1944
1448
1304
560
280
304
344
256
1632
1032
1312
592
1760
920
2272
552
608
1424
1136
992
392
256
320
328
312
280
248
216
232
240
256
256
256
224
240
1808
1160
904
288
192
176
240
264
160
296
192
168
168
160
176
328
240
1448
888
1288
304
256
176
192
288
200
168
160
168
184
160
160
224
264
352
1448
912
1248
296
168
168
304
320
248
248
248
256
168
184
168
328
320
248
1576
1120
928
176
192
168
176
168
272
232
240
256
248
240
168
248
232
240
1736
944
1184
280
264
1608
952
1488
1520
1264
352
160
184
184
168
184
160
584
1496
1208
544
256
264
272
160
224
240
248
272
1288
1416
1424
1336
1064
1120
1104
1504
1384
640
200
272
224
256
624
1112
224
160
168
544
production/mlinkm/3451512
production/mlinkm/3451534
0
704
656
784
776
624
680
720
808
792
864
728
768
744
664
728
704
720
728
1368
536
784
608
768
1000
992
912
808
776
808
752
832
712
768
784
1088
696
696
1304
656
664
696
624
576
536
520
768
680
1016
960
888
784
664
856
752
704
856
1328
736
832
944
720
656
672
656
664
616
536
552
720
624
736
768
808
1456
552
992
896
608
912
984
592
712
824
720
728
920
928
840
864
800
768
736
736
1440
792
808
816
720
672
856
736
784
944
856
688
1040
792
736
896
848
880
736
production/mlinkm/3450597
0
1048
912
888
976
848
872
960
808
896
936
912
952
872
824
968
872
904
928
1312
688
896
728
968
976
800
896
744
896
1056
824
912
920
920
872
880
864
776
1328
704
856
888
944
856
920
704
912
848
880
792
888
872
848
928
872
960
944
1360
600
1032
872
824
744
840
864
816
792
904
920
880
888
856
912
928
832
920
1224
776
880
776
1000
968
928
896
1016
944
912
864
784
1024
888
896
952
888
848
1312
800
856
968
928
768
832
872
904
840
880
896
872
824
920
848
960
888
1032
1160
912
824
912
912
904
840
816
880
816
944
848
880
888
848
920
920
968
808
1600
456
896
1032
968
936
904
864
848
872
864
944
848
872
880
944
872
848
816
1440
640
880
936
792
856
856
712
1032
928
864
920
848
848
872
872
888
920
784
1856
392
1088
800
792
824
792
840
896
816
760
880
752
936
832
864
808
760
832
1696
552
784
848
1016
888
968
824
824
832
840
848
816
864
872
840
832
904
848
1232
800
848
904
904
936
912
752
768
848
816
864
784
896
984
968
1016
960
984
1392
736
928
992
824
848
864
880
808
872
888
872
864
824
816
888
888
880
880
1936
424
728
1000
864
808
792
816
824
856
776
1112
896
808
872
864
904
792
832
1280
848
856
808
864
896
888
856
816
808
928
840
864
832
928
800
976
824
984
1176
704
936
944
824
880
864
976
840
912
808
880
808
896
832
720
816
824
760
2000
416
824
928
888
776
856
784
784
928
824
792
784
776
712
848
744
864
800
1536
656
920
896
920
944
848
888
1000
912
888
800
944
848
840
880
888
856
896
1344
808
1008
864
960
752
928
816
784
888
872
880
992
840
816
848
800
856
856
1720
408
840
960
760
896
856
920
832
856
880
848
816
848
872
880
832
888
792
1672
512
1080
824
904
840
896
920
912
904
896
808
976
960
928
848
888
856
792
1216
760
928
792
816
912
904
952
928
936
848
792
848
872
1008
888
864
904
952
1656
520
840
816
832
944
904
728
824
960
824
896
856
840
888
936
888
800
896
928
944
992
1040
832
840
920
760
856
1024
848
776
824
784
928
840
840
944
1168
816
production/mlinkm/3450937
0
1144
1448
592
712
656
1384
568
832
1008
616
808
872
808
776
776
936
936
944
1184
992
568
752
1296
792
648
1136
688
1096
616
616
776
616
672
808
1152
768
736
1264
528
16
912
760
1280
504
664
296
696
832
408
488
520
672
632
904
1080
496
1192
656
1368
568
872
672
1816
456
976
1144
608
512
664
256
888
720
1248
664
1112
880
904
1080
760
608
680
848
664
712
696
712
768
1184
600
760
872
584
1072
888
production/mlinkm/3450937
0
1192
552
512
648
600
272
224
88
216
424
224
320
656
1392
1184
360
1024
544
856
448
544
968
640
24
712
896
776
968
616
704
664
640
640
624
624
1760
664
888
1240
904
272
840
1008
976
1016
776
872
888
984
640
1064
528
736
1016
624
1672
744
840
696
704
696
1312
648
672
1008
648
656
872
832
608
704
696
624
696
592
680
616
664
1216
640
1128
744
648
616
584
640
600
592
600
616
664
968
664
736
1008
624
760
608
592
1440
632
1576
648
720
1024
1040
568
336
192
1080
1064
960
832
928
696
1136
824
872
1280
760
680
672
680
648
1120
672
776
720
728
832
1384
632
720
992
664
720
960
1024
640
728
672
672
744
1032
656
664
712
632
712
1384
640
824
840
584
728
1232
560
536
1056
608
720
768
1200
744
912
736
840
872
720
736
720
688
1960
536
896
1128
696
352
208
808
744
1176
912
912
912
1048
768
1096
560
728
624
1024
1320
760
864
736
728
712
736
720
736
696
1040
584
824
664
816
616
1224
864
704
1464
8
944
944
664
664
624
632
656
648
640
1720
688
936
912
224
576
944
1328
600
1120
936
792
992
784
768
776
752
712
768
744
784
976
728
800
664
672
784
632
1392
704
704
624
640
632
648
648
568
1080
848
776
888
856
720
704
720
736
1016
952
760
680
672
672
664
744
704
744
728
952
744
728
1032
680
632
720
688
1264
848
1104
1120
920
1024
632
200
808
1128
1064
832
800
864
1072
624
632
800
712
1384
640
672
624
688
664
1280
584
664
680
832
640
1176
776
712
816
584
632
640
1256
656
1032
664
768
776
760
568
576
584
592
568
144
1024
728
800
936
784
1032
1208
944
600
720
680
672
656
656
576
1000
960
1032
1024
760
464
312
160
928
1048
816
976
408
672
944
608
616
704
600
608
808
840
680
896
656
776
616
1088
760
512
520
520
616
1216
784
720
816
584
576
584
560
640
592
632
624
880
1304
632
712
648
1000
728
936
672
640
912
680
712
680
696
1896
536
728
1024
776
1144
696
448
528
488
648
672
520
784
376
240
912
600
600
1392
880
728
864
1176
576
872
592
648
592
712
560
344
808
648
448
432
536
680
728
552
664
984
1288
904
624
632
648
496
696
632
824
968
960
760
472
456
424
288
584
872
848
472
656
552
624
960
904
776
696
976
904
848
808
640
608
616
656
600
1208
984
680
608
688
1104
720
832
712
736
424
664
896
816
760
1256
1120
848
936
1072
392
912
736
600
728
576
624
608
768
448
272
304
960
504
1048
928
608
1160
856
832
760
472
768
600
600
608
616
928
576
760
832
600
608
608
1096
528
1072
640
1200
520
592
712
816
880
624
744
1248
728
1296
560
824
712
632
800
704
472
360
376
88
672
672
776
688
400
824
536
1136
992
472
656
568
344
288
960
640
552
584
568
568
512
512
416
416
472
1960
752
488
272
1040
1016
944
688
736
608
848
696
640
616
680
744
744
568
744
528
848
1168
872
896
1128
1040
1200
1176
568
296
968
472
440
1272
408
1432
904
904
968
1128
792
768
production/mlinkm/3451386
0
1432
1136
944
1208
960
1032
1112
1088
1304
1128
1032
1104
1016
928
1112
1248
1160
1064
992
1328
1024
1104
1032
1216
1072
1096
1224
1136
792
1368
1136
1072
1136
1000
1136
1048
1048
984
1336
976
720
1376
1192
1184
1120
1048
1056
1168
1104
912
1136
1216
976
880
936
960
1088
1656
1112
1016
224
200
200
200
208
208
1384
1656
1256
1688
1256
1728
2032
1264
1712
1688
1480
1360
392
184
240
272
184
840
1464
632
640
528
456
576
432
552
1528
1520
1104
1056
1368
528
192
136
128
128
136
992
1304
1568
664
296
272
264
208
288
1184
1592
1416
1352
1416
1288
984
208
168
184
184
184
160
144
144
720
448
216
232
864
352
200
208
216
200
192
192
200
184
200
192
216
240
240
264
248
280
216
888
360
192
200
192
256
216
272
248
240
240
192
2296
1400
1336
1648
1376
1520
1360
1456
1200
768
224
224
280
264
272
280
1344
1680
1560
1264
1368
1016
344
160
192
200
216
1024
272
160
160
168
152
160
200
240
160
152
168
160
208
216
216
208
592
928
272
176
168
168
176
168
176
176
168
176
184
168
176
208
216
224
232
1104
744
168
1024
952
920
1032
1048
1664
568
184
2104
1184
1168
304
1088
production/mlinkm/3450597
0
1104
784
808
1024
1240
1040
904
720
840
752
712
744
712
1592
736
1064
720
288
352
1120
384
1168
728
592
1224
1032
496
672
696
800
824
752
728
792
776
784
880
792
848
808
728
784
832
1520
472
728
712
744
768
768
720
808
752
960
728
776
752
744
1192
784
776
760
1544
632
712
696
744
816
728
768
808
784
768
752
696
768
944
840
736
808
672
1552
496
808
744
800
784
776
752
840
704
864
832
800
944
776
808
768
776
728
1656
512
824
824
760
792
840
808
720
784
736
840
production/mlinkm/3450597
0
1480
496
664
696
792
816
752
728
792
776
776
872
800
840
808
736
792
824
1520
464
736
712
744
760
768
720
800
744
960
720
784
744
744
752
784
776
760
1544
640
712
688
752
816
728
768
816
784
768
752
696
768
944
840
736
808
680
1608
440
808
744
800
776
776
752
840
704
864
832
808
936
776
808
768
776
728
1656
520
824
824
752
792
848
808
720
784
736
840
968
1648
560
848
808
728
792
736
800
800
888
720
800
720
736
824
824
752
736
664
1704
416
760
864
816
768
production/mlinkm/3450597
0
1288
952
792
760
792
800
808
800
888
728
792
784
736
880
824
752
736
664
1224
896
864
864
816
792
816
1712
560
728
720
680
680
656
768
696
776
696
920
792
808
840
824
816
696
720
1656
464
792
728
872
816
832
848
848
784
872
792
816
808
792
840
776
800
840
1688
496
768
784
800
928
800
880
888
888
848
720
856
880
936
840
800
848
856
1576
488
784
744
936
880
872
728
808
912
784
912
840
816
912
808
752
800
824
1712
432
800
832
744
760
808
800
864
992
848
832
912
912
912
848
864
888
856
1368
960
1000
904
776
856
904
1040
848
912
1008
928
912
800
928
920
872
896
832
1328
816
816
920
944
920
968
976
896
776
992
840
824
872
960
904
824
848
920
1616
552
672
920
768
936
904
1032
896
856
920
1008
760
872
968
808
920
944
1000
1256
824
888
880
968
928
872
896
880
904
848
912
1176
984
984
856
808
880
792
1632
624
640
968
816
880
840
920
904
952
888
888
832
880
944
888
912
856
872
1680
496
784
840
880
880
792
800
992
896
912
960
944
808
960
888
888
832
904
1232
768
920
1016
816
904
848
920
912
872
832
848
928
912
936
856
752
1056
864
1488
696
920
808
872
904
896
920
976
832
872
856
840
800
848
896
944
936
944
1544
712
728
856
960
840
840
888
816
848
840
848
856
864
896
800
824
872
848
1208
792
976
1056
808
936
856
936
832
1040
792
912
848
880
1000
896
904
792
936
1608
576
680
936
856
808
880
760
880
816
952
840
1008
824
864
904
816
840
904
1232
736
1184
1016
792
944
856
984
920
984
848
840
1000
888
864
888
896
856
832
1280
744
888
704
production/mlinkm/3450597
0
1192
672
752
728
632
696
688
664
736
712
728
928
848
768
736
832
760
712
1120
960
760
640
872
824
888
800
808
856
808
808
840
832
776
840
800
808
768
1872
408
728
800
792
888
832
840
904
880
816
800
816
920
816
880
880
776
856
1688
416
784
736
920
832
872
776
784
904
776
976
824
800
824
864
768
864
776
1632
504
768
776
808
784
792
776
832
920
904
832
848
824
936
832
936
848
808
1440
592
1056
696
952
824
968
928
824
928
936
1000
832
888
920
928
856
904
816
1408
664
872
744
1024
992
968
952
904
864
912
880
832
880
952
832
872
864
912
1648
464
704
792
832
912
960
976
960
864
856
944
880
880
864
872
896
888
976
1312
672
992
848
976
832
864
904
824
888
832
864
848
888
944
864
824
856
848
1784
416
672
864
880
936
792
864
976
904
984
784
896
952
856
888
936
880
832
1824
432
752
832
792
928
800
792
976
928
896
904
992
848
880
840
872
928
880
1400
520
904
1104
848
952
784
984
832
944
808
832
912
936
920
920
736
840
1040
1648
592
784
880
840
904
848
856
920
904
832
920
832
816
840
904
840
856
960
1552
736
616
880
928
856
808
936
776
824
856
776
880
864
784
920
776
904
808
1288
688
944
976
976
912
824
920
880
832
984
920
840
872
960
960
840
824
904
1680
544
736
800
864
832
896
832
832
816
848
848
912
824
872
872
856
832
896
1272
712
792
888
1032
832
912
832
944
832
840
856
936
880
832
880
872
824
864
1264
744
880
704
